32	14	120
12524	9771	14976	21.205702
19235	22619	22620	4.008438
19236	22620	14809	159.858871
19266	14901	22620	68.571524
19269	14904	14901	22.701643
19285	14920	14904	104.580862
19292	14926	14920	23.44352
19296	14925	14931	15.804128
19297	14923	14932	54.12114
19298	14932	14926	28.041788
19300	14931	14932	42.820528
19301	14925	14934	15.830227
19315	14931	14945	20.669153
19317	14934	22621	15.791531
19334	14963	22621	91.25779
19338	14945	9771	39.14512
19339	9771	14966	4.342912
19347	14973	14966	88.428598
19353	14978	14973	15.375762
19397	14976	15018	57.912724
19410	15018	15027	12.989599
19420	15036	15027	21.890692
19432	15046	15036	19.530373
19438	15052	15046	15.905416
19461	15070	15052	36.3501
19462	15066	15070	28.344807
19471	15078	15066	21.743983
19498	15101	15078	37.498961
19525	15123	15101	67.987372
19529	15126	15123	13.794375
19556	15147	15126	38.050097
29653861	22621	14945	37.171055
14809
14923
14925
14963
14966
14973
14976
14978
15027
15036
15052
15070
15147
22619
14973	14978	60
14973	14966	60
14973	14925	60
14973	14976	60
14973	14963	60
14973	14963	60
14973	15027	60
14973	15036	60
14973	15052	60
14973	15147	60
14973	15070	60
14973	22619	60
14973	14923	60
14973	14925	60
14973	14809	60
14978	14966	60
14978	14925	60
14978	14976	60
14978	14963	60
14978	14963	60
14978	15027	60
14978	15036	60
14978	15052	60
14978	15147	60
14978	15070	60
14978	22619	60
14978	14923	60
14978	14925	60
14978	14809	60
14966	14925	60
14966	14976	60
14966	14963	60
14966	14963	60
14966	15027	60
14966	15036	60
14966	15052	60
14966	15147	60
14966	15070	60
14966	22619	60
14966	14923	60
14966	14925	60
14966	14809	60
14925	14976	60
14925	14963	60
14925	14963	60
14925	15027	60
14925	15036	60
14925	15052	60
14925	15147	60
14925	15070	60
14925	22619	60
14925	14923	60
14925	14925	60
14925	14809	60
14976	14963	60
14976	14963	60
14976	15027	60
14976	15036	60
14976	15052	60
14976	15147	60
14976	15070	60
14976	22619	60
14976	14923	60
14976	14925	60
14976	14809	60
14963	14963	60
14963	15027	60
14963	15036	60
14963	15052	60
14963	15147	60
14963	15070	60
14963	22619	60
14963	14923	60
14963	14925	60
14963	14809	60
14963	15027	60
14963	15036	60
14963	15052	60
14963	15147	60
14963	15070	60
14963	22619	60
14963	14923	60
14963	14925	60
14963	14809	60
15027	15036	60
15027	15052	60
15027	15147	60
15027	15070	60
15027	22619	60
15027	14923	60
15027	14925	60
15027	14809	60
15036	15052	60
15036	15147	60
15036	15070	60
15036	22619	60
15036	14923	60
15036	14925	60
15036	14809	60
15052	15147	60
15052	15070	60
15052	22619	60
15052	14923	60
15052	14925	60
15052	14809	60
15147	15070	60
15147	22619	60
15147	14923	60
15147	14925	60
15147	14809	60
15070	22619	60
15070	14923	60
15070	14925	60
15070	14809	60
22619	14923	60
22619	14925	60
22619	14809	60
14923	14925	60
14923	14809	60
14925	14809	60
