145	43	351
38567	21922	21939	23.267
39567	16328	21934	7.267
34567	21974	21914	9.6464
34891	21933	12717	27.22468
15458	11970	11794	653.554825
15652	12238	11970	432.810013
15718	12163	12164	102.662668
15763	12199	12163	43.892862
15849	12266	12238	288.579117
15884	11970	12290	167.136414
15937	12321	12337	5.558871
15941	12164	12340	103.648764
16004	12429	12430	13.187734
16032	12470	12321	8.45338
16042	12337	12480	3.428704
16055	12470	12489	11.608257
16060	12340	12493	10.270918
16064	12489	12497	0.179174
16069	12502	12480	4.86166
16086	12514	12502	1.5455
16088	12514	12516	9.331439
16090	12516	12199	104.310736
16098	12497	12524	96.896146
16113	12535	12536	1.003074
16116	12524	12535	23.418892
16117	12536	12538	42.908455
16120	12538	12541	8.697669
16147	12645	12266	625.6474
16261	12541	12645	37.60594
16265	12493	12650	82.482321
16364	12717	12493	37.877843
16438	12430	12470	67.351616
16527	12818	12645	518.578674
16573	12849	12429	17.587213
16603	12874	12849	4.636022
16607	12758	12877	125.336735
16728	12973	12874	20.89465
16910	13103	12818	490.065536
16920	13112	12973	38.258521
16963	12877	13143	294.420067
16986	13162	13112	10.801365
17202	13310	13103	519.191071
17234	13332	13162	55.110027
17264	13143	13352	294.438927
17363	13425	13310	288.555016
17380	13437	13332	40.436252
17394	13449	13437	2.212842
17415	21786	13127	114.03883
17529	13352	13545	225.887375
17610	13609	13425	404.110703
17634	13628	13449	56.879022
17698	21950	13628	23.369726
17732	13698	13609	329.171539
17770	13724	21950	27.252951
17771	13724	21786	101.636142
17845	13545	13772	489.386856
17963	13906	13907	2.049808
17976	13924	13698	433.265121
18002	13332	22497	170.499496
18011	13954	13724	63.216486
18070	13997	13924	462.322678
18076	14002	13954	35.102623
18077	14003	14002	1.378945
18093	13772	14013	535.25148
18099	14018	14003	7.503508
18100	14018	14019	220.379272
18135	14013	14046	303.105011
18136	21976	14018	18.038305
18146	13609	14054	326.78598
18189	14081	13997	520.309525
18203	14046	14090	388.087143
18204	14090	14081	43.134689
18226	14102	21976	43.480664
18238	13948	14110	211.684708
18265	14130	14102	17.873624
18333	14081	14175	381.504753
18410	14223	14130	42.29759
18430	14235	14223	6.956828
18535	14297	14298	31.632783
18536	14175	14299	312.948578
18610	14353	14235	38.355068
18629	14365	14353	9.666341
18630	14365	14297	70.462532
18637	13948	21867	422.014923
18646	14298	14378	333.485291
18657	14387	14365	11.185153
18662	14390	14387	1.072479
18672	14299	14398	261.239136
18673	14398	14399	71.301239
18685	13907	14390	5.415973
18695	14410	21949	15.535014
18697	14414	13906	77.816689
18698	14415	14414	0.544391
18699	21949	21951	35.924329
18700	14418	14410	18.816429
18702	22498	14418	3.667063
18703	14418	14415	0.57283
18723	14433	22498	3.35149
18731	14439	14433	1.541945
18738	14448	14449	27.135699
18750	14460	14439	6.455646
18804	14398	14506	350.084404
18818	14520	14460	27.633908
18819	14460	14521	22.956934
18821	14449	14523	82.662661
18824	14520	14525	17.708463
18839	21951	14541	73.402605
18840	14525	14449	96.352417
18847	14521	14546	10.47979
18875	14506	14572	313.287895
18876	14572	14573	181.757721
18904	14594	14523	101.721092
18914	14546	14604	28.073831
18925	14572	14613	313.264572
18932	14604	14622	12.404091
18936	14622	14626	3.078961
18940	14626	14629	3.182748
19009	14613	14692	313.278534
19149	14692	14803	365.511955
19230	14803	14869	339.428581
19272	14869	14907	418.017426
19278	14907	14913	133.251274
19279	14913	14914	2.676672
19280	14914	14915	1.622819
19288	14915	14922	32.800177
19293	14922	14927	21.832938
19295	14929	14930	421.860947
19299	14927	14933	14.39527
19303	14933	14936	15.997812
19304	14936	14929	42.111401
19313	14930	14943	500.103378
19314	14943	14944	223.458679
20498	14652	14594	231.946671
20499	12811	14019	554.534058
20622	12650	12811	28.46334
29647672	16328	12304	0.804609
29653143	21867	14372	303.17688
29653219	21914	14906	8.342595
29653227	21922	14519	3.654261
29653239	21934	12290	0.557795
29653244	21939	14130	8.250106
29653255	14054	21974	2.93523
29653261	21975	21933	0.374671
29653263	21975	13007	186.611298
29653794	22497	13948	188.404129
11794
12290
12304
12502
12645
12758
12811
13007
13127
13906
14019
14054
14081
14090
14102
14110
14130
14223
14235
14297
14298
14372
14378
14399
14410
14418
14448
14519
14523
14525
14541
14573
14629
14652
14692
14869
14906
14913
14944
21867
21951
21975
22497
11794	12304	3050
11794	12645	122
11794	13127	5
11794	14223	5
11794	13906	5
11794	14418	16
11794	14297	5
11794	12290	60
11794	14298	5
11794	14378	5
11794	14519	1
11794	14519	1
11794	21975	27
11794	12290	60
11794	12645	122
11794	14130	5
11794	13007	27
12304	12290	1724
12304	21975	3576
12304	12290	1724
12304	14944	1
12304	13007	3576
12645	13127	60
12645	14223	60
12645	21951	60
12645	14235	60
12645	14410	60
12645	13906	60
12645	14418	60
12645	14525	60
12645	14629	387
12645	14448	60
12645	14523	60
12645	14448	60
12645	14523	60
12645	14523	60
12645	14523	60
12645	14297	60
12645	12290	190
12645	14906	388
12645	14541	60
12645	14298	60
12645	14378	60
12645	14523	60
12645	12290	190
12645	12645	60
12645	14130	60
12645	14944	257
12502	12811	60
12502	14519	26
12502	14519	26
12502	14019	60
13127	14223	60
13127	21951	60
13127	14235	60
13127	14410	60
13127	13906	60
13127	14418	60
13127	14525	60
13127	14629	805
13127	14448	60
13127	14523	60
13127	14448	60
13127	14523	60
13127	14523	60
13127	14523	60
13127	14297	60
13127	12290	87
13127	14906	807
13127	14541	60
13127	14298	60
13127	14378	60
13127	14523	60
13127	12290	87
13127	12645	60
13127	14130	60
13127	14944	98
12811	14519	321
12811	14519	321
12811	14019	60
14223	21951	60
14223	14235	60
14223	14410	60
14223	13906	60
14223	14418	60
14223	14525	60
14223	14629	1690
14223	14448	60
14223	14523	60
14223	14448	60
14223	14523	60
14223	14523	60
14223	14523	60
14223	14297	60
14223	12290	95
14223	14906	1690
14223	14541	60
14223	14298	60
14223	14378	60
14223	14523	60
14223	12290	95
14223	12645	60
14223	14130	60
14223	14944	94
21951	14235	60
21951	14410	60
21951	13906	60
21951	14418	60
21951	14525	60
21951	14448	60
21951	14523	60
21951	14448	60
21951	14523	60
21951	14523	60
21951	14523	60
21951	14297	60
21951	12290	95
21951	14541	60
21951	14298	60
21951	14378	60
21951	14523	60
21951	12290	95
21951	12645	60
21951	14130	60
14235	14410	60
14235	13906	60
14235	14418	60
14235	14525	60
14235	14448	60
14235	14523	60
14235	14448	60
14235	14523	60
14235	14523	60
14235	14523	60
14235	14297	60
14235	12290	95
14235	14541	60
14235	14298	60
14235	14378	60
14235	14523	60
14235	12290	95
14235	12645	60
14235	14130	60
14410	13906	60
14410	14418	60
14410	14525	60
14410	14448	60
14410	14523	60
14410	14448	60
14410	14523	60
14410	14523	60
14410	14523	60
14410	14297	60
14410	12290	95
14410	14541	60
14410	14298	60
14410	14378	60
14410	14523	60
14410	12290	95
14410	12645	60
14410	14130	60
13906	14418	60
13906	14525	60
13906	14629	1690
13906	14448	60
13906	14523	60
13906	14448	60
13906	14523	60
13906	14523	60
13906	14523	60
13906	14297	60
13906	12290	95
13906	14906	1690
13906	14541	60
13906	14298	60
13906	14378	60
13906	14523	60
13906	12290	95
13906	12645	60
13906	14130	60
13906	14944	94
14418	14525	60
14418	14448	60
14418	14523	60
14418	14448	60
14418	14523	60
14418	14523	60
14418	14523	60
14418	14297	60
14418	12290	95
14418	14541	60
14418	14298	60
14418	14378	60
14418	14523	60
14418	12290	95
14418	12645	60
14418	14130	60
14525	14448	60
14525	14523	60
14525	14448	60
14525	14523	60
14525	14523	60
14525	14523	60
14525	14297	60
14525	12290	95
14525	14541	60
14525	14298	60
14525	14378	60
14525	14523	60
14525	12290	95
14525	12645	60
14525	14130	60
14629	14297	1690
14629	12290	72
14629	14906	60
14629	14298	1690
14629	14378	1690
14629	12290	72
14629	12645	387
14629	14130	1690
14629	14944	60
14448	14523	60
14448	14448	60
14448	14523	60
14448	14523	60
14448	14523	60
14448	14297	60
14448	12290	95
14448	14541	60
14448	14298	60
14448	14378	60
14448	14523	60
14448	12290	95
14448	12645	60
14448	14130	60
14523	14448	60
14523	14523	60
14523	14523	60
14523	14523	60
14523	14297	60
14523	12290	95
14523	14541	60
14523	14298	60
14523	14378	60
14523	14523	60
14523	12290	95
14523	12645	60
14523	14130	60
14448	14523	60
14448	14523	60
14448	14523	60
14448	14297	60
14448	12290	95
14448	14541	60
14448	14298	60
14448	14378	60
14448	14523	60
14448	12290	95
14448	12645	60
14448	14130	60
14523	14523	60
14523	14523	60
14523	14297	60
14523	12290	95
14523	14541	60
14523	14298	60
14523	14378	60
14523	14523	60
14523	12290	95
14523	12645	60
14523	14130	60
14523	14523	60
14523	14297	60
14523	12290	95
14523	14541	60
14523	14298	60
14523	14378	60
14523	14523	60
14523	12290	95
14523	12645	60
14523	14130	60
14523	14297	60
14523	12290	95
14523	14541	60
14523	14298	60
14523	14378	60
14523	14523	60
14523	12290	95
14523	12645	60
14523	14130	60
14652	14519	60
14652	14519	60
14297	12290	95
14297	14906	1690
14297	14541	60
14297	14298	60
14297	14378	60
14297	14523	60
14297	12290	95
14297	12645	60
14297	14130	60
14297	14944	94
12290	14906	74
12290	14541	95
12290	14298	95
12290	14378	95
12290	14523	95
12290	21975	16
12290	12290	60
12290	12645	190
12290	14130	95
12290	14944	14
12290	13007	16
14906	14298	1690
14906	14378	1690
14906	12290	74
14906	12645	388
14906	14130	1693
14906	14944	60
14541	14298	60
14541	14378	60
14541	14523	60
14541	12290	95
14541	12645	60
14541	14130	60
14298	14378	60
14298	14523	60
14298	12290	95
14298	12645	60
14298	14130	60
14298	14944	94
14378	14523	60
14378	12290	95
14378	12645	60
14378	14130	60
14378	14944	94
14523	12290	95
14523	12645	60
14523	14130	60
14519	14519	60
14519	14019	321
14519	14019	321
21975	12290	16
21975	13007	60
12290	12645	190
12290	14130	95
12290	14944	14
12290	13007	16
12645	14130	60
12645	14944	257
14130	14944	94
