76	15	105
19364	14988	14979	19.037993
19369	14985	14993	12.59429
19372	14993	14996	3.521231
19381	14996	15005	11.918929
19382	14988	22329	13.503376
19390	15005	15011	11.696911
19399	15011	15017	15.3753
19404	15017	15022	10.737225
19406	15024	15005	35.808295
19409	15022	15026	10.022522
19413	15026	15029	14.979328
19414	15029	15039	19.689643
19415	15031	15024	13.586253
19421	15037	15031	29.573108
19428	15039	15042	8.509921
19430	15042	15044	7.593281
19440	15051	15037	53.613716
19443	15054	15051	7.552543
19445	15044	15056	25.912394
19446	15057	15054	15.75965
19447	15056	15058	14.250133
19454	15064	15057	18.857424
19455	15065	15064	0.52566
19458	15058	22323	13.022475
19463	15071	15065	18.049036
19467	15074	15071	1.962877
19469	15076	15074	6.099426
19472	15068	15079	25.150266
19474	15079	15081	6.158785
19478	15086	15076	13.745351
19480	15081	15087	4.965194
19481	15087	15088	7.772809
19482	15088	15086	1.667042
19483	15087	15089	1.729918
19486	15081	15092	8.536197
19487	15087	15093	2.170715
19489	15093	15092	8.184163
19490	15088	15095	6.303642
19492	15093	15096	3.539621
19493	15095	15097	7.437663
19494	15098	15104	38.82653
19495	15092	15098	19.851472
19499	15092	15102	13.007948
19500	15096	15102	9.002581
19501	15104	15103	16.997124
19505	15102	15107	5.391815
19508	15107	15109	7.439675
19509	15109	15110	2.251144
19515	15110	15115	7.273997
19518	15115	15117	6.149648
19522	15097	15120	58.773897
19524	15120	15122	4.722724
19526	15122	15124	7.197795
19532	15117	15129	15.679938
19537	15120	22326	36.506003
19538	15129	15136	16.297082
19546	15136	15141	7.510377
19547	15141	15142	1.671932
19554	22326	22325	38.696004
19559	15142	15150	9.36144
19561	15146	15152	4.970032
19564	15154	22325	107.245157
19566	15150	15156	13.762619
19567	15156	15157	8.330048
19568	15157	15158	10.087691
19569	15158	22327	69.778661
19570	15158	15159	1.882787
19572	15160	22327	37.619011
19576	15159	15163	26.6522
19577	15163	15164	4.230539
19580	15167	15160	77.995415
19581	15167	15165	20.331741
29653606	22323	15068	2.875851
29653607	22325	15146	9.282809
29653609	22327	15154	37.509922
29653610	22329	15005	35.119474
14979
14985
14988
15042
15056
15076
15089
15103
15124
15141
15152
15164
15165
22323
22329
15042	15056	60
15042	22323	60
15042	15141	202
15042	14985	60
15042	22329	60
15042	14988	60
15042	14979	60
15042	15076	202
15042	15089	202
15042	15124	202
15042	15152	202
15042	15164	202
15042	15103	202
15042	15165	202
15056	22323	60
15056	15141	202
15056	14985	56
15056	22329	56
15056	14988	56
15056	14979	56
15056	15076	202
15056	15089	202
15056	15124	202
15056	15152	202
15056	15164	202
15056	15103	202
15056	15165	202
22323	15141	202
22323	14985	54
22323	22329	54
22323	14988	54
22323	14979	54
22323	15076	202
22323	15089	202
22323	15124	202
22323	15152	202
22323	15164	202
22323	15103	202
22323	15165	202
15141	14985	1507
15141	22329	1507
15141	14988	1507
15141	14979	1507
15141	15076	60
15141	15089	60
15141	15124	60
15141	15152	60
15141	15164	60
15141	15103	60
15141	15165	60
14985	22329	60
14985	14988	60
14985	14979	60
14985	15076	1704
14985	15089	1507
14985	15124	1517
14985	15152	1517
14985	15164	1507
14985	15103	1464
14985	15165	1507
22329	14988	60
22329	14979	60
22329	15076	1704
22329	15089	1507
22329	15124	1517
22329	15152	1517
22329	15164	1507
22329	15103	1464
22329	15165	1507
14988	14979	60
14988	15076	1704
14988	15089	1507
14988	15124	1517
14988	15152	1517
14988	15164	1507
14988	15103	1464
14988	15165	1507
14979	15076	1704
14979	15089	1507
14979	15124	1517
14979	15152	1517
14979	15164	1507
14979	15103	1464
14979	15165	1507
15076	15089	60
15076	15124	60
15076	15152	60
15076	15164	60
15076	15103	60
15076	15165	60
15089	15124	60
15089	15152	60
15089	15164	60
15089	15103	60
15089	15165	60
15124	15152	60
15124	15164	60
15124	15103	60
15124	15165	60
15152	15164	60
15152	15103	60
15152	15165	60
15164	15103	60
15164	15165	60
15103	15165	60
