50	22	231
11900	9306	11891	78.655197
13964	10817	10818	2.42166
14005	10818	22675	2.707448
14026	10936	10817	39.086861
14149	11007	10936	70.088974
14267	11052	11007	12.115929
14360	11114	11124	33.62221
14361	11125	11114	3.242442
14430	11177	11052	22.741126
14431	11177	11125	9.393366
14461	11199	11177	4.832888
14467	11204	11199	1.631554
14505	11199	11235	15.972705
14533	11256	11204	12.597411
14534	11235	11256	19.27912
14540	11231	11235	34.200042
14565	11256	22676	5.819123
14583	11296	11231	16.641522
14584	11297	11124	22.522129
14615	22676	11322	9.562774
14687	11322	11382	22.102402
14759	11440	22676	25.119756
15018	11639	11640	54.697327
15028	11382	11734	71.092443
15145	11733	11734	93.910025
15254	11822	11733	23.398782
15344	11891	11822	66.317574
15482	11984	11985	443.861664
15507	12005	9306	34.9128
15628	12005	12092	63.603218
15766	12092	12202	46.652816
15820	12243	22702	14.769731
15821	12202	22702	35.358218
15868	12281	22499	15.8466
15892	12244	12297	8.292614
15901	12304	12297	1.750486
15905	12307	12281	8.003212
15920	12281	12304	17.105348
20426	11901	11891	158.935989
20487	16114	16153	147.584869
20488	12005	16114	243.596893
20611	11985	12243	364.088928
20614	11640	11901	37.606575
20618	16241	11440	21.681931
20620	11296	11297	13.896461
29653795	22499	22501	2.003502
29653796	22500	12244	1.918721
29653797	22501	22500	1.158165
29653895	22675	10890	81.777489
29653923	22702	12244	16.761714
10818
10890
10936
11007
11124
11204
11297
11322
11639
11733
11734
11984
11985
12005
12304
12307
16153
16241
22501
22675
22676
9306
10890	11733	18
10890	10818	60
10890	22675	60
10890	10936	60
10890	11007	60
10890	11734	18
10890	22676	60
10890	11204	60
10890	11322	60
10890	11124	250
10890	16241	60
10890	12307	2
10890	22501	18
10890	12304	1249
10890	12005	18
10890	9306	18
10890	11297	150
10890	11639	18
10890	11984	18
10890	11985	18
10890	16153	18
11733	10818	18
11733	22675	18
11733	10936	18
11733	11007	18
11733	11734	60
11733	22676	18
11733	11204	18
11733	11322	18
11733	11124	18
11733	16241	18
11733	12307	4
11733	22501	60
11733	12304	3576
11733	12005	60
11733	9306	60
11733	11297	108
11733	11639	60
11733	11984	60
11733	11985	60
11733	16153	60
10818	22675	60
10818	10936	60
10818	11007	60
10818	11734	18
10818	22676	150
10818	11204	60
10818	11322	60
10818	11124	60
10818	16241	60
10818	12307	2
10818	22501	18
10818	12304	1249
10818	12005	18
10818	9306	18
10818	11297	150
10818	11639	18
10818	11984	18
10818	11985	18
10818	16153	18
22675	10936	60
22675	11007	60
22675	11734	18
22675	22676	530
22675	11204	60
22675	11322	60
22675	11124	60
22675	16241	60
22675	12307	2
22675	22501	18
22675	12304	1249
22675	12005	18
22675	9306	18
22675	11297	440
22675	11639	18
22675	11984	18
22675	11985	18
22675	16153	18
10936	11007	60
10936	11734	18
10936	22676	60
10936	11204	60
10936	11322	60
10936	11124	60
10936	16241	60
10936	12307	2
10936	22501	18
10936	12304	1249
10936	12005	18
10936	9306	18
10936	11297	240
10936	11639	18
10936	11984	18
10936	11985	18
10936	16153	18
11007	11734	18
11007	22676	150
11007	11204	150
11007	11322	60
11007	11124	240
11007	16241	60
11007	12307	2
11007	22501	18
11007	12304	1249
11007	12005	18
11007	9306	18
11007	11297	240
11007	11639	18
11007	11984	18
11007	11985	18
11007	16153	18
11734	22676	65
11734	11204	18
11734	11322	18
11734	11124	95
11734	16241	18
11734	12307	4
11734	22501	60
11734	12304	3576
11734	12005	60
11734	9306	60
11734	11297	801
11734	11639	60
11734	11984	60
11734	11985	60
11734	16153	60
22676	11204	2620
22676	11322	60
22676	11124	13400
22676	16241	730
22676	12307	2
22676	22501	18
22676	12304	8212
22676	12005	18
22676	9306	18
22676	11297	81709
22676	11639	18
22676	11984	18
22676	11985	18
22676	16153	18
11204	11322	60
11204	11124	1810
11204	16241	60
11204	12307	2
11204	22501	18
11204	12304	1249
11204	12005	18
11204	9306	18
11204	11297	1410
11204	11639	18
11204	11984	18
11204	11985	18
11204	16153	18
11322	11124	150
11322	16241	60
11322	12307	2
11322	22501	18
11322	12304	1249
11322	12005	18
11322	9306	18
11322	11297	280
11322	11639	18
11322	11984	18
11322	11985	18
11322	16153	18
11124	16241	240
11124	12307	2
11124	22501	18
11124	12304	4341
11124	12005	18
11124	9306	18
11124	11297	1730
11124	11639	18
11124	11984	18
11124	11985	18
11124	16153	18
16241	12307	2
16241	22501	18
16241	12304	4341
16241	12005	18
16241	9306	18
16241	11297	411
16241	11639	18
16241	11984	18
16241	11985	18
16241	16153	18
12307	22501	60
12307	12304	60
12307	12005	4
12307	9306	4
12307	11297	7
12307	11639	4
12307	11984	4
12307	11985	4
12307	16153	4
22501	12304	27126
22501	12005	60
22501	9306	60
22501	11297	108
22501	11639	60
22501	11984	60
22501	11985	60
22501	16153	60
12304	12005	3576
12304	9306	3576
12304	11297	120
12304	11639	3576
12304	11984	3576
12304	11985	3576
12304	16153	3576
12005	9306	60
12005	11297	204
12005	11639	60
12005	11984	60
12005	11985	60
12005	16153	60
9306	11297	220
9306	11639	60
9306	11984	60
9306	11985	60
9306	16153	60
11297	11639	108
11297	11984	108
11297	11985	108
11297	16153	108
11639	11984	60
11639	11985	60
11639	16153	60
11984	11985	60
11984	16153	60
11985	16153	60
