139	51	1171
11891	9293	9294	3.390668
12775	9944	9796	65.300812
12776	9965	11755	29.987991
12800	9982	9944	5.336706
13022	10151	10155	1.642911
13029	10159	9982	46.578486
13030	10155	10159	7.610673
13288	10159	10325	59.836344
13409	10413	10414	48.233168
13413	10417	10413	45.089295
13431	10325	10430	18.455575
13550	10513	10417	43.546526
13566	10527	21832	18.283167
13585	10542	10513	29.021956
13595	10550	21837	10.184195
13596	10552	10550	20.97691
13629	10550	10578	4.268901
13641	10527	10589	9.237516
13711	10578	16021	18.039605
13740	10589	10662	19.123969
13741	10662	10663	4.16737
13743	21838	10542	41.269323
13771	10683	10684	2.617167
13774	10663	10683	18.97039
13788	10695	21838	9.022164
13822	10718	10695	7.373192
13835	21989	10718	4.036922
13851	10738	21989	17.955674
13852	10739	10740	15.173293
13878	10740	10758	2.651006
13980	10829	10830	64.214844
14011	10850	9294	13.534167
14029	9294	10864	5.634689
14039	10864	10871	3.237359
14076	10902	10903	2.348389
14095	10871	21990	17.925272
14121	10939	10902	6.635682
14122	21990	10940	6.643177
14139	10940	10952	2.560594
14160	10969	10939	99.924202
14218	11012	11013	10.049907
14264	11048	11012	41.501637
14266	10952	11051	21.292671
14293	11013	11071	151.398682
14294	11072	10939	28.451448
14295	11073	11074	5.494473
14344	11111	11048	13.432599
14380	11141	11111	1.329537
14554	11273	11141	28.74846
14594	11304	11273	8.124121
14686	11381	11072	60.147686
14688	11383	11304	16.783207
14693	11383	21818	0.955667
14741	11424	11381	25.796928
14830	11493	21818	14.564988
14946	11582	11424	58.160173
14967	11598	11599	17.886102
15111	11706	11582	50.12118
15142	11730	11706	6.03045
15168	11752	11730	2.614595
15177	11759	11761	7.233894
15188	11769	11752	1.93474
15191	11777	11759	5.349422
15194	11774	11775	27.038303
15195	11761	11774	14.539678
15198	11777	11769	1.204218
15213	11788	11777	2.705071
35557	12016	21830	15.88746
15557	12016	12041	4.88746
15620	12041	12084	22.284639
35620	10628	12084	15.466639
19043	11755	11754	16.012396
19044	9944	22631	23.134619
20202	16061	15933	33.600273
20203	15936	15937	30.097272
20204	15938	21804	33.694613
20219	15952	15953	2.926173
20220	15954	15952	1.254251
20221	15955	15956	18.481993
20222	15957	15955	0.456996
20228	15966	21832	17.916172
20234	15966	15973	1.559416
20235	15974	15975	10.232866
20237	15977	15978	2.127463
20240	21832	15981	18.765753
20242	15983	21832	15.006845
20243	15984	15983	5.996732
20246	15986	15957	15.658464
20247	15953	10527	39.159225
20248	15955	15954	40.873322
20249	21837	15986	8.876033
20253	15988	15993	60.588623
20257	15965	15993	0.323935
20259	15975	21816	23.8524
20272	15978	15966	24.02114
20273	15979	15984	12.910305
20274	15981	10683	9.349527
20287	15996	15984	18.818612
20291	15956	15988	44.482738
20296	16016	21991	24.796615
20313	11048	16035	35.671097
20316	11493	15938	14.686828
20317	15933	15938	16.026155
20322	15937	15939	4.946516
20327	10952	21831	30.44533
20345	11072	16047	175.399368
20346	11071	16047	61.336025
20369	16061	21818	17.399892
20419	11074	16050	38.88402
20420	16021	16019	5.952846
20509	16175	22631	45.723278
20512	16178	16175	24.527267
20606	15985	10527	7.348804
20607	21837	15985	9.63833
20626	16019	10662	2.376891
20628	10684	10739	3.048033
20631	15998	10738	4.888397
20632	10740	15998	4.111364
20633	10758	16045	18.366201
20635	10758	10850	5.461376
20640	10871	9293	12.955194
20646	11051	11073	5.300753
20649	16045	10829	38.856361
20652	11304	16050	25.014979
20653	11775	22677	20.641718
20654	10578	16022	17.996469
20655	15959	10628	10.164925
20657	16022	15959	8.503214
20658	11599	11493	3.804237
20659	10430	22239	7.148745
20664	11071	10969	459.521988
29653146	21816	10325	3.80552
29653148	21804	15939	144.974823
29653162	16008	21830	0.066593
29653163	21831	16008	13.230068
29653275	21991	21990	14.960162
29653488	22239	10552	20.582153
29653867	22631	9965	9.365729
29653896	22677	11598	1.165856
10151
10414
10417
10513
10542
10550
10662
10695
10739
10758
10830
10864
10903
10940
11012
11051
11072
11073
11074
11111
11304
11383
11754
11761
11788
15936
15937
15954
15959
15965
15973
15974
15977
15979
15983
15986
15996
16008
16016
16035
16050
16061
16178
21804
21831
21832
21991
22631
22677
9796
9982
10903	11072	60
10903	10414	590
10903	10417	185
10903	10513	338
10903	11012	48
10903	11111	486
10903	11383	686
10903	11304	36911
10903	11788	32710
10903	11761	34574
10903	22677	3108
10903	11754	5
10903	16178	5
10903	22631	5
10903	9796	5
10903	9982	49
10903	10151	334
10903	10542	950
10903	15977	58
10903	15979	102
10903	15973	58
10903	21831	520
10903	11074	520
10903	10695	463
10903	16016	520
10903	10739	18
10903	10758	314
10903	21991	520
10903	10940	1736
10903	10864	1787
10903	15983	18
10903	21832	1035
10903	15954	116
10903	15986	17
10903	10550	245
10903	10662	868
10903	10830	18
10903	15959	17
10903	16050	1736
10903	11073	9939
10903	16061	4036
10903	11074	520
10903	11051	520
10903	15936	670
10903	15937	670
10903	21804	686
10903	16008	1736
10903	15965	17
10903	15996	18
10903	16035	300
10903	15974	23
11072	10414	185
11072	10417	491
11072	10513	46
11072	11012	48
11072	11111	486
11072	11383	686
11072	11304	15974
11072	11788	3995
11072	11761	2454
11072	22677	1833
11072	11754	5
11072	16178	5
11072	22631	31
11072	9796	5
11072	9982	41
11072	10151	215
11072	10542	185
11072	15977	448
11072	15979	58
11072	15973	18
11072	21831	520
11072	11074	520
11072	10695	338
11072	16016	520
11072	10739	18
11072	10758	252
11072	21991	520
11072	10940	1138
11072	10864	923
11072	15983	18
11072	21832	383
11072	15954	141
11072	15986	17
11072	10550	239
11072	10662	523
11072	10830	18
11072	15959	17
11072	16050	520
11072	11073	3707
11072	16061	686
11072	11074	520
11072	11051	520
11072	15936	670
11072	15937	670
11072	21804	686
11072	16008	1138
11072	15965	17
11072	15996	18
11072	16035	300
11072	15974	5
10414	10417	60
10414	10513	60
10414	11012	112
10414	11111	112
10414	11383	28
10414	11304	1004
10414	11788	3239
10414	11761	44
10414	22677	113
10414	11754	11
10414	16178	11
10414	22631	11
10414	9796	11
10414	9982	11
10414	10151	11
10414	10542	60
10414	15977	54
10414	15979	54
10414	15973	54
10414	21831	112
10414	11074	112
10414	10695	60
10414	16016	112
10414	10739	54
10414	10758	774
10414	21991	112
10414	10940	323
10414	10864	936
10414	15983	54
10414	21832	130
10414	15954	49
10414	15986	49
10414	10550	124
10414	10662	1070
10414	10830	54
10414	15959	13
10414	16050	323
10414	11073	112
10414	16061	28
10414	11074	112
10414	11051	112
10414	15936	26
10414	15937	26
10414	21804	168
10414	16008	112
10414	15965	49
10414	15996	54
10414	16035	112
10414	15974	14
10417	10513	60
10417	11012	112
10417	11111	112
10417	11383	113
10417	11304	801
10417	11788	3013
10417	11761	44
10417	22677	28
10417	11754	11
10417	16178	11
10417	22631	52
10417	9796	69
10417	9982	11
10417	10151	295
10417	10542	60
10417	15977	54
10417	15979	54
10417	15973	54
10417	21831	112
10417	11074	112
10417	10695	60
10417	16016	112
10417	10739	54
10417	10758	1515
10417	21991	112
10417	10940	112
10417	10864	2624
10417	15983	54
10417	21832	54
10417	15954	49
10417	15986	49
10417	10550	169
10417	10662	3136
10417	10830	121
10417	15959	13
10417	16050	112
10417	11073	112
10417	16061	566
10417	11074	112
10417	11051	112
10417	15936	26
10417	15937	26
10417	21804	28
10417	16008	112
10417	15965	49
10417	15996	54
10417	16035	112
10417	15974	14
10513	11012	112
10513	11111	112
10513	11383	28
10513	11304	112
10513	11788	819
10513	11761	44
10513	22677	213
10513	11754	11
10513	16178	11
10513	22631	11
10513	9796	11
10513	9982	11
10513	10151	223
10513	10542	60
10513	15977	54
10513	15979	54
10513	15973	54
10513	21831	112
10513	11074	112
10513	10695	340
10513	16016	112
10513	10739	54
10513	10758	1418
10513	21991	112
10513	10940	112
10513	10864	665
10513	15983	54
10513	21832	54
10513	15954	49
10513	15986	49
10513	10550	14
10513	10662	3383
10513	10830	299
10513	15959	13
10513	16050	112
10513	11073	112
10513	16061	168
10513	11074	112
10513	11051	112
10513	15936	26
10513	15937	26
10513	21804	168
10513	16008	323
10513	15965	49
10513	15996	54
10513	16035	112
10513	15974	14
11012	11111	60
11012	11383	25
11012	11304	240
11012	11788	882
11012	11761	15
11012	22631	21
11012	10542	112
11012	15977	58
11012	15979	58
11012	15973	58
11012	21831	60
11012	11074	60
11012	10695	112
11012	16016	60
11012	10739	58
11012	10758	283
11012	21991	60
11012	10940	250
11012	10864	519
11012	15983	58
11012	21832	58
11012	15954	57
11012	15986	57
11012	10550	41
11012	10662	198
11012	10830	58
11012	15959	41
11012	16050	60
11012	11073	60
11012	16061	25
11012	11074	60
11012	11051	60
11012	16008	60
11012	15965	57
11012	15996	58
11012	16035	60
11012	15974	14
11111	11383	44
11111	11304	1420
11111	11788	2829
11111	11761	231
11111	10151	53
11111	10542	112
11111	15977	58
11111	15979	58
11111	15973	58
11111	21831	60
11111	11074	60
11111	10695	112
11111	16016	60
11111	10739	58
11111	10758	58
11111	21991	60
11111	10940	60
11111	10864	2337
11111	15983	58
11111	21832	58
11111	15954	57
11111	15986	243
11111	10662	63
11111	10830	58
11111	15959	41
11111	16050	150
11111	11073	150
11111	16061	50
11111	11074	60
11111	11051	60
11111	21804	101
11111	16008	60
11111	15965	57
11111	15996	119
11111	16035	60
11383	11304	11299
11383	11788	31589
11383	11761	1554
11383	22677	60
11383	9982	34
11383	10151	39
11383	10542	52
11383	15977	63
11383	15979	88
11383	15973	6
11383	10695	113
11383	16016	75
11383	10739	6
11383	10758	63
11383	10940	95
11383	10864	465
11383	15983	55
11383	21832	69
11383	15954	6
11383	15986	6
11383	10550	33
11383	10662	219
11383	10830	6
11383	15959	11
11383	16050	75
11383	11073	313
11383	16061	150
11383	15936	60
11383	15937	450
11383	21804	150
11383	15965	6
11383	15996	6
11383	16035	69
11304	11788	107983
11304	11761	4228
11304	22677	1925
11304	11754	15
11304	22631	23
11304	10151	785
11304	10542	801
11304	15977	58
11304	15979	450
11304	15973	150
11304	21831	330
11304	11074	150
11304	10695	775
11304	16016	60
11304	10739	58
11304	10758	687
11304	21991	60
11304	10940	150
11304	10864	17337
11304	15983	58
11304	21832	2616
11304	15954	57
11304	15986	57
11304	10550	441
11304	10662	3136
11304	10830	58
11304	15959	80
11304	16050	630
11304	11073	1018
11304	16061	3919
11304	11074	60
11304	11051	60
11304	15936	25
11304	15937	102
11304	21804	3965
11304	16008	60
11304	15965	57
11304	15996	1158
11304	16035	440
11304	15974	55
11788	11761	89710
11788	22677	190947
11788	11754	146
11788	16178	86
11788	22631	1381
11788	9796	90
11788	9982	525
11788	10151	19044
11788	10542	5598
11788	15977	1243
11788	15979	1167
11788	15973	363
11788	21831	693
11788	11074	790
11788	10695	4564
11788	16016	569
11788	10739	419
11788	10758	3217
11788	21991	211
11788	10940	11304
11788	10864	40451
11788	15983	493
11788	21832	10223
11788	15954	378
11788	15986	271
11788	10550	4719
11788	10662	31271
11788	10830	358
11788	15959	3613
11788	16050	1197
11788	11073	23778
11788	16061	30420
11788	11074	145
11788	11051	420
11788	15936	5035
11788	15937	20404
11788	21804	22006
11788	16008	717
11788	15965	334
11788	15996	377
11788	16035	6536
11788	15974	335
11761	22677	71892
11761	11754	27
11761	16178	4
11761	22631	4
11761	9796	4
11761	9982	4
11761	10151	351
11761	10542	203
11761	15977	140
11761	15979	34
11761	15973	16
11761	21831	213
11761	11074	88
11761	10695	203
11761	16016	382
11761	10739	16
11761	10758	140
11761	21991	15
11761	10940	492
11761	10864	583
11761	15983	16
11761	21832	142
11761	15954	75
11761	15986	16
11761	10550	10
11761	10662	606
11761	10830	16
11761	15959	15
11761	16050	15
11761	11073	3046
11761	16061	6137
11761	11074	15
11761	11051	15
11761	15936	729
11761	15937	1335
11761	21804	3100
11761	16008	299
11761	15965	16
11761	15996	16
11761	16035	302
11761	15974	49
22677	9796	12
22677	10151	29
22677	10542	28
22677	15977	40
22677	15979	29
22677	15973	6
22677	10695	113
22677	10739	6
22677	10758	40
22677	10940	25
22677	10864	113
22677	15983	6
22677	21832	29
22677	15954	6
22677	15986	6
22677	10662	64
22677	10830	6
22677	15959	7
22677	11073	119
22677	16061	150
22677	15936	150
22677	15937	60
22677	21804	60
22677	15965	6
22677	15996	6
11754	16178	60
11754	22631	60
11754	9796	60
11754	9982	60
11754	10151	60
11754	10542	11
11754	15977	60
11754	15979	60
11754	15973	60
11754	10695	11
11754	10739	84
11754	10758	165
11754	10864	165
11754	15983	60
11754	21832	150
11754	15954	60
11754	15986	60
11754	10550	60
11754	10662	634
11754	10830	84
11754	15959	456
11754	15936	97
11754	15937	97
11754	15965	60
11754	15996	60
11754	15974	60
16178	22631	60
16178	9796	60
16178	9982	60
16178	10151	60
16178	10542	11
16178	15977	60
16178	15979	60
16178	15973	60
16178	10695	11
16178	10739	84
16178	10758	652
16178	10864	472
16178	15983	60
16178	21832	60
16178	15954	60
16178	15986	60
16178	10550	60
16178	10662	739
16178	10830	84
16178	15959	456
16178	15936	97
16178	15937	97
16178	21804	12
16178	15965	60
16178	15996	60
16178	15974	60
22631	9796	60
22631	9982	60
22631	10151	60
22631	10542	33
22631	15977	60
22631	15979	60
22631	15973	60
22631	10695	11
22631	10739	84
22631	10758	359
22631	21991	14
22631	10940	34
22631	10864	1414
22631	15983	60
22631	21832	60
22631	15954	60
22631	15986	60
22631	10550	60
22631	10662	1288
22631	10830	84
22631	15959	456
22631	16050	14
22631	15936	97
22631	15937	543
22631	15965	60
22631	15996	60
22631	16035	27
22631	15974	60
9796	9982	60
9796	10151	60
9796	10542	11
9796	15977	60
9796	15979	60
9796	15973	60
9796	10695	11
9796	10739	84
9796	10758	84
9796	10864	84
9796	15983	60
9796	21832	60
9796	15954	60
9796	15986	60
9796	10550	60
9796	10662	292
9796	10830	84
9796	15959	456
9796	15936	97
9796	15937	350
9796	15965	60
9796	15996	60
9796	15974	60
9982	10151	60
9982	10542	11
9982	15977	60
9982	15979	60
9982	15973	60
9982	10695	52
9982	10739	84
9982	10758	540
9982	10940	48
9982	10864	722
9982	15983	60
9982	21832	60
9982	15954	60
9982	15986	60
9982	10550	60
9982	10662	815
9982	10830	84
9982	15959	2810
9982	11073	97
9982	16061	12
9982	15936	290
9982	15937	290
9982	15965	60
9982	15996	60
9982	16035	21
9982	15974	60
10151	10542	110
10151	15977	148
10151	15979	338
10151	15973	60
10151	21831	11
10151	10695	305
10151	16016	75
10151	10739	165
10151	10758	4898
10151	21991	21
10151	10940	368
10151	10864	25853
10151	15983	60
10151	21832	1018
10151	15954	60
10151	15986	60
10151	10550	250
10151	10662	18118
10151	10830	255
10151	15959	446
10151	16050	16
10151	11073	339
10151	16061	93
10151	11074	21
10151	11051	11
10151	15936	129
10151	15937	782
10151	21804	109
10151	16008	55
10151	15965	60
10151	15996	60
10151	16035	50
10151	15974	60
10542	15977	54
10542	15979	54
10542	15973	54
10542	21831	112
10542	11074	112
10542	10695	150
10542	16016	112
10542	10739	121
10542	10758	1822
10542	21991	112
10542	10940	112
10542	10864	2821
10542	15983	54
10542	21832	54
10542	15954	255
10542	15986	49
10542	10550	294
10542	10662	5946
10542	10830	299
10542	15959	13
10542	16050	112
10542	11073	326
10542	16061	725
10542	11074	112
10542	11051	112
10542	15936	109
10542	15937	26
10542	21804	113
10542	16008	112
10542	15965	49
10542	15996	54
10542	16035	557
10542	15974	14
15977	15979	60
15977	15973	60
15977	21831	58
15977	11074	58
15977	10695	200
15977	16016	58
15977	10739	60
15977	10758	240
15977	21991	58
15977	10940	251
15977	10864	440
15977	15983	60
15977	21832	150
15977	15954	60
15977	15986	60
15977	10550	60
15977	10662	1630
15977	10830	150
15977	15959	438
15977	16050	119
15977	11073	215
15977	16061	63
15977	11074	58
15977	11051	58
15977	15936	67
15977	15937	67
15977	21804	6
15977	16008	58
15977	15965	60
15977	15996	60
15977	16035	189
15977	15974	60
15979	15973	60
15979	21831	58
15979	11074	58
15979	10695	153
15979	16016	150
15979	10739	60
15979	10758	530
15979	21991	58
15979	10940	58
15979	10864	150
15979	15983	60
15979	21832	150
15979	15954	60
15979	15986	60
15979	10550	250
15979	10662	2240
15979	10830	240
15979	15959	438
15979	16050	119
15979	11073	765
15979	16061	6
15979	11074	58
15979	11051	58
15979	15936	245
15979	15937	67
15979	21804	6
15979	16008	58
15979	15965	60
15979	15996	60
15979	16035	585
15979	15974	60
15973	21831	280
15973	11074	58
15973	10695	54
15973	16016	58
15973	10739	60
15973	10758	60
15973	21991	58
15973	10940	58
15973	10864	60
15973	15983	60
15973	21832	150
15973	15954	60
15973	15986	60
15973	10550	60
15973	10662	240
15973	10830	60
15973	15959	438
15973	16050	58
15973	11073	58
15973	16061	6
15973	11074	58
15973	11051	58
15973	15936	67
15973	15937	67
15973	21804	6
15973	16008	58
15973	15965	60
15973	15996	60
15973	16035	58
15973	15974	60
21831	11074	60
21831	10695	112
21831	16016	60
21831	10739	58
21831	10758	313
21831	21991	60
21831	10940	60
21831	10864	3860
21831	15983	58
21831	21832	189
21831	15954	57
21831	15986	57
21831	10662	155
21831	10830	58
21831	15959	2440
21831	16050	60
21831	11073	60
21831	11074	60
21831	11051	60
21831	16008	60
21831	15965	57
21831	15996	58
21831	16035	60
11074	10695	112
11074	16016	60
11074	10739	58
11074	10758	58
11074	21991	60
11074	10940	60
11074	10864	792
11074	15983	58
11074	21832	58
11074	15954	57
11074	15986	57
11074	10662	39
11074	10830	58
11074	15959	41
11074	16050	60
11074	11073	60
11074	11074	60
11074	11051	60
11074	16008	60
11074	15965	57
11074	15996	189
11074	16035	60
10695	16016	112
10695	10739	54
10695	10758	72465
10695	21991	112
10695	10940	1004
10695	10864	10045
10695	15983	200
10695	21832	1135
10695	15954	133
10695	15986	113
10695	10550	790
10695	10662	13933
10695	10830	299
10695	15959	41
10695	16050	323
10695	11073	536
10695	16061	113
10695	11074	112
10695	11051	112
10695	15936	307
10695	15937	307
10695	21804	28
10695	16008	112
10695	15965	105
10695	15996	299
10695	16035	112
10695	15974	14
16016	10739	58
16016	10758	587
16016	21991	60
16016	10940	60
16016	10864	15127
16016	15983	58
16016	21832	211
16016	15954	57
16016	15986	57
16016	10550	25
16016	10662	557
16016	10830	58
16016	15959	48
16016	16050	60
16016	11073	60
16016	11074	60
16016	11051	60
16016	21804	25
16016	16008	60
16016	15965	57
16016	15996	58
16016	16035	60
10739	10758	740
10739	21991	58
10739	10940	119
10739	10864	440
10739	15983	60
10739	21832	150
10739	15954	56
10739	15986	148
10739	10550	84
10739	10662	8561
10739	10830	240
10739	15959	115
10739	16050	58
10739	11073	58
10739	16061	6
10739	11074	58
10739	11051	58
10739	15936	65
10739	15937	65
10739	21804	6
10739	16008	58
10739	15965	56
10739	15996	60
10739	16035	119
10739	15974	84
10758	21991	251
10758	10940	3778
10758	10864	2830
10758	15983	150
10758	21832	330
10758	15954	234
10758	15986	56
10758	10550	3910
10758	10662	29914
10758	10830	240
10758	15959	115
10758	16050	119
10758	11073	1066
10758	16061	126
10758	11074	58
10758	11051	189
10758	15936	826
10758	15937	616
10758	21804	55
10758	16008	58
10758	15965	56
10758	15996	60
10758	16035	687
10758	15974	165
21991	10940	60
21991	10864	9281
21991	15983	58
21991	21832	58
21991	15954	57
21991	15986	57
21991	10550	11
21991	10662	148
21991	10830	58
21991	15959	41
21991	16050	60
21991	11073	60
21991	11074	60
21991	11051	60
21991	21804	25
21991	16008	60
21991	15965	57
21991	15996	58
21991	16035	60
10940	10864	164516
10940	15983	251
10940	21832	2848
10940	15954	57
10940	15986	57
10940	10550	454
10940	10662	4531
10940	10830	251
10940	15959	56
10940	16050	60
10940	11073	60
10940	16061	25
10940	11074	60
10940	11051	60
10940	21804	51
10940	16008	60
10940	15965	57
10940	15996	58
10940	16035	60
10940	15974	32
10864	15983	540
10864	21832	940
10864	15954	238
10864	15986	430
10864	10550	17854
10864	10662	77802
10864	10830	1018
10864	15959	1239
10864	16050	556
10864	11073	47477
10864	16061	213
10864	11074	1434
10864	11051	6109
10864	15936	4242
10864	15937	13827
10864	21804	539
10864	16008	9400
10864	15965	56
10864	15996	60
10864	16035	4043
10864	15974	2492
15983	21832	60
15983	15954	60
15983	15986	60
15983	10550	60
15983	10662	540
15983	10830	60
15983	15959	438
15983	16050	58
15983	11073	58
15983	16061	6
15983	11074	58
15983	11051	58
15983	15936	67
15983	15937	333
15983	21804	6
15983	16008	58
15983	15965	60
15983	15996	60
15983	16035	251
15983	15974	60
21832	15954	60
21832	15986	250
21832	10550	528
21832	10662	12620
21832	10830	450
21832	15959	438
21832	16050	58
21832	11073	2898
21832	16061	113
21832	11074	251
21832	11051	58
21832	15936	67
21832	15937	67
21832	21804	103
21832	16008	150
21832	15965	60
21832	15996	60
21832	16035	2349
21832	15974	60
15954	15986	60
15954	10550	450
15954	10662	740
15954	10830	56
15954	15959	438
15954	16050	57
15954	11073	463
15954	16061	100
15954	11074	57
15954	11051	57
15954	15936	67
15954	15937	67
15954	21804	6
15954	16008	57
15954	15965	60
15954	15996	60
15954	16035	183
15954	15974	60
15986	10550	250
15986	10662	3497
15986	10830	56
15986	15959	461
15986	16050	57
15986	11073	57
15986	16061	6
15986	11074	57
15986	11051	57
15986	15936	67
15986	15937	67
15986	21804	6
15986	16008	57
15986	15965	60
15986	15996	60
15986	16035	57
15986	15974	60
10550	10662	164799
10550	10830	1480
10550	15959	18432
10550	11073	229
10550	16061	14
10550	15936	34
10550	15937	591
10550	21804	21
10550	16008	54
10550	15965	60
10550	15996	60
10550	16035	90
10550	15974	550
10662	10830	5301
10662	15959	47045
10662	16050	121
10662	11073	2887
10662	16061	173
10662	11074	63
10662	11051	148
10662	15936	50
10662	15937	2388
10662	21804	231
10662	16008	391
10662	15965	178
10662	15996	150
10662	16035	1056
10662	15974	2082
10830	15959	115
10830	16050	58
10830	11073	58
10830	16061	6
10830	11074	58
10830	11051	58
10830	15936	65
10830	15937	65
10830	21804	6
10830	16008	58
10830	15965	56
10830	15996	60
10830	16035	251
10830	15974	84
15959	16050	41
15959	11073	1656
15959	11074	41
15959	11051	43
15959	15937	25
15959	16008	49
15959	15965	440
15959	15996	438
15959	16035	51
15959	15974	461
16050	11073	60
16050	16061	25
16050	11074	60
16050	11051	60
16050	21804	25
16050	16008	60
16050	15965	57
16050	15996	58
16050	16035	60
11073	16061	44
11073	11074	150
11073	11051	60
11073	21804	126
11073	16008	60
11073	15965	57
11073	15996	454
11073	16035	60
11073	15974	17
16061	11074	25
16061	15936	60
16061	15937	150
16061	21804	150
16061	15965	6
16061	15996	6
11074	11051	60
11074	16008	60
11074	15965	57
11074	15996	58
11074	16035	60
11051	21804	25
11051	16008	60
11051	15965	57
11051	15996	58
11051	16035	60
15936	15937	60
15936	21804	60
15936	15965	67
15936	15996	67
15936	15974	34
15937	21804	60
15937	15965	243
15937	15996	442
15937	15974	34
21804	15965	6
21804	15996	6
21804	16035	50
21804	15974	4
16008	15965	57
16008	15996	58
16008	16035	60
15965	15996	60
15965	16035	57
15965	15974	60
15996	16035	58
15996	15974	60
16035	15974	38
