211	74	1580
11872	9263	9259	2.093783
11874	9266	9267	14.125231
11875	9268	9267	7.350718
11884	9283	9281	0.928984
11885	9284	9285	2.574071
11888	9281	22300	2.48688
11890	22300	10844	6.378683
11892	9295	9285	8.29869
11893	9296	9295	13.667354
13772	10685	22737	9.946657
13773	10633	10685	48.02317
13775	22739	10686	9.789258
13784	10692	10633	14.081624
13793	9268	10685	6.504215
13808	10708	9268	14.026138
13820	9259	10708	1.388644
13821	9259	10692	6.16256
13825	10686	9266	24.519266
13826	10685	9266	13.505831
13859	9267	10745	7.504219
13863	10749	9263	3.194946
13872	10755	10750	1.46962
13874	9266	10755	18.112806
13887	10763	10764	3.498847
13888	10764	10745	5.396324
13890	10764	9267	26.755646
13891	10764	9263	17.021507
13915	10745	10781	7.555968
13916	10781	10763	5.971292
13918	10755	10784	12.821328
13929	10792	10781	4.125323
13932	10784	10792	7.984775
13949	10805	10749	11.640173
13952	10807	10784	16.345684
13953	10808	10750	11.57946
13956	10805	10809	8.216773
13958	10812	10805	2.945212
13971	10823	10812	2.107873
13978	10828	10764	14.830403
13979	10828	10809	7.581057
13981	10831	10808	4.692486
13982	9296	10809	16.387226
13983	10823	9296	8.170717
14002	10844	10823	6.161282
14003	10844	10845	4.351435
14006	10848	10807	29.672564
14008	9283	10845	15.783413
14009	10792	9284	15.018537
14010	9284	10828	11.651233
14015	10831	10854	12.743278
14016	10854	10848	2.960572
14035	10868	10860	2.103853
14043	10876	10856	9.495502
14056	10886	10868	2.178508
14058	10868	10888	4.596632
14059	10886	10888	1.912256
14061	10860	10889	13.503329
14071	9285	10897	13.279196
14073	10899	10886	2.149823
14074	10900	10854	31.08844
14077	10904	10889	4.521072
14078	10904	10888	6.817675
14079	10889	10905	6.394303
14081	10906	10907	2.667467
14082	10876	10906	10.506645
14094	10897	10918	5.387553
14102	10924	10900	9.783573
14103	9284	10924	20.042406
14104	10925	10899	6.048579
14107	10904	10928	4.603901
14108	10899	10928	5.329057
14111	10931	10925	0.848912
14112	10906	10931	3.072359
14113	10932	10925	2.362802
14126	10943	10831	25.135526
14127	10900	10943	24.481593
14128	10944	10931	4.590609
14130	10946	10918	6.179767
14131	10905	22736	6.57949
14132	10947	10931	3.869874
14133	10944	10947	0.948706
14134	10948	10944	4.287087
14140	10946	10953	0.905209
14145	10928	10959	6.15828
14146	10932	10959	16.347908
14157	10967	10918	7.417479
14159	22796	10947	3.216133
14161	10928	10970	13.927729
14166	22797	10973	1.381026
14167	10973	10948	3.991287
14168	10959	16250	5.112736
14176	10979	10953	7.684866
14177	10970	10979	5.985388
14187	10987	10988	10.911292
14192	10992	10967	33.021893
14194	10959	10994	7.144639
14195	10994	22796	8.76925
14200	10953	10998	8.118898
14203	11001	22797	4.256612
14205	11003	10987	2.449831
14209	11006	11001	0.659459
14210	11006	11003	1.915801
14214	11009	10979	5.327372
14215	11010	10992	4.590331
14216	11011	10924	17.160307
14217	11011	10992	14.420267
14221	11015	11009	2.994725
14223	11017	11010	1.779139
14229	11023	11011	6.371698
14230	11017	11023	1.564205
14233	10998	11027	6.734517
14234	11027	11015	6.058419
14235	10998	22419	6.12467
14242	11033	10994	30.308104
14243	11001	11033	11.88014
14245	11015	11034	16.068769
14246	11034	10994	12.280721
14252	11039	11006	9.884822
14255	11039	11033	9.010958
14256	11034	11033	13.242585
14261	11044	11045	1.591748
14262	11046	11027	7.284644
14265	11049	11044	9.12558
14272	11049	11057	2.335427
14277	11061	11049	2.342787
14280	11057	11063	2.215769
14282	11039	11065	4.934817
14296	11075	11046	4.621174
14297	11034	11076	8.411939
14298	11077	11039	7.627723
14301	11065	11080	2.750444
14302	11077	11080	1.450641
14304	11082	11077	0.75689
14305	11075	11083	4.548309
14311	22658	11082	3.524992
14312	11087	11061	6.534413
14322	11094	11045	10.880119
14331	11076	11102	4.183591
14335	11105	11094	5.84095
14336	11087	11105	26.170349
14337	11106	11107	0.442856
14338	11082	11106	13.066233
14339	11106	11094	5.080896
14349	11115	11087	4.979553
14350	11115	11105	11.154871
14356	11120	22658	3.896911
14362	11106	11126	10.931505
14366	11115	11131	3.662923
14374	11137	11138	3.796055
14375	11065	11138	40.105785
14376	11080	11138	10.201853
14382	11143	11120	3.468384
14383	11126	11143	12.526358
14388	11147	11148	0.367698
14389	11076	11147	14.626674
14393	11138	11151	31.171114
14394	11151	11143	1.1463
14396	11153	11147	1.747217
14411	11165	11143	4.017038
14418	11170	11137	12.754532
14419	11170	11153	8.937092
14424	11174	11075	16.616531
14425	11174	11147	9.580771
14426	11175	11165	1.87977
14427	11105	11175	17.395221
14429	11175	11176	1.524414
14436	11181	11174	21.103296
14437	11153	11181	11.780017
14439	11182	11183	2.345359
14440	11176	11182	2.229628
14441	11184	11117	14.287992
14442	11174	11184	20.458052
14470	11207	11138	13.698385
14476	11212	11207	3.159767
14478	11212	11182	7.693314
14481	11170	11215	12.526531
14500	11215	11232	3.795894
14502	11233	11232	2.694187
14503	11207	11233	8.342847
14504	11181	11234	30.077795
14521	11247	11174	21.354375
14538	11260	11247	1.852567
14546	11266	11260	1.465754
14549	11268	11260	11.941764
14553	11232	11272	11.259246
14566	11284	11234	36.642414
14578	11284	11272	10.170755
14580	11293	11266	4.364347
14591	11301	11266	7.615474
14593	11303	11284	8.626933
14598	11309	11268	9.623775
14599	11303	11309	4.916715
14605	11315	11293	30.166653
14606	11309	11315	16.212135
14632	11335	11293	12.007081
14633	11315	11335	20.334312
14637	11339	11301	10.576507
14644	11339	11342	47.723316
14684	11379	11339	23.874552
14697	11389	11342	9.320563
14708	11389	11399	4.330776
14709	11399	11339	14.685172
14710	11379	11399	41.951244
14727	21984	11399	1.654878
19991	11023	11117	17.87122
29653583	10856	9283	3.16393
29653584	22300	10860	1.134442
29653741	22419	11017	8.721809
29653941	22736	10946	6.168768
29653942	22737	22739	4.301817
29653989	22797	22796	3.237601
10633
10685
10686
10692
10745
10750
10764
10792
10809
10823
10845
10856
10868
10888
10897
10905
10907
10918
10924
10925
10928
10943
10947
10948
10953
10959
10967
10970
10973
10988
10992
10994
11003
11009
11011
11027
11033
11034
11045
11061
11063
11065
11075
11083
11102
11107
11115
11117
11131
11138
11148
11151
11170
11174
11176
11183
11207
11212
11215
11233
11247
11272
11303
11339
16250
21984
22419
22658
22739
9263
9266
9267
9283
9284
22739	10686	60
22739	10809	85
22739	10823	42
22739	10905	441
22739	10970	4
22739	10845	453
22739	10888	55
22739	10868	197
22739	9283	1686
22739	10856	4
22739	10907	25
22739	10928	39
22739	16250	39
22739	10959	39
22739	10994	37
22739	10925	24
22739	10947	18
22739	10948	25
22739	10973	8
22739	11033	2
22739	10988	22
22739	11003	22
22739	11148	33
22739	11034	34
22739	11102	32
22739	11170	32
22739	11138	12
22739	11215	31
22739	11207	12
22739	11233	13
22739	11272	13
22739	11065	12
22739	22658	4
22739	22658	4
22739	11151	2
22739	11107	7
22739	11212	10
22739	11045	7
22739	11131	7
22739	11115	7
22739	11061	7
22739	11063	7
10686	10750	16
10686	9266	16
10686	10943	16
10686	10924	6
10686	9267	6
10686	10745	6
10686	10792	6
10686	10764	6
10686	10809	33
10686	9284	6
10686	10897	6
10686	11011	6
10686	10992	6
10686	10918	6
10686	10967	6
10686	10823	12
10686	10905	878
10686	10845	165
10686	10888	55
10686	10868	473
10686	9283	472
10686	10856	4
10686	10907	25
10686	10928	39
10686	16250	39
10686	10959	39
10686	10994	37
10686	10925	24
10686	10947	18
10686	10948	25
10686	10973	8
10686	11033	2
10686	10988	22
10686	11003	22
10686	11117	2142
10686	11148	58
10686	11034	51
10686	11102	49
10686	11170	55
10686	11138	12
10686	11215	55
10686	11207	12
10686	11233	13
10686	11272	25
10686	11065	12
10686	22658	4
10686	22658	4
10686	11151	2
10686	11107	7
10686	11212	10
10686	11045	7
10686	11131	7
10686	11115	7
10686	11061	7
10686	11063	7
10750	9266	60
10750	10943	60
10750	10924	60
10750	10685	60
10750	9267	60
10750	10745	60
10750	10792	60
10750	10764	60
10750	9263	60
10750	10809	60
10750	9284	60
10750	10897	52
10750	11011	56
10750	10992	36
10750	10918	52
10750	10967	52
10750	10823	160
10750	10905	3349
10750	10845	8935
10750	10888	364
10750	10868	12220
10750	9283	3388
10750	10856	81
10750	10907	137
10750	10928	4
10750	16250	4
10750	10959	4
10750	10994	4
10750	10925	190
10750	10947	78
10750	10948	135
10750	10973	23
10750	10988	78
10750	11003	78
10750	11117	2224
9266	10943	60
9266	10924	60
9266	10685	60
9266	9267	60
9266	10745	60
9266	10792	60
9266	10764	250
9266	10809	60
9266	9284	60
9266	10897	52
9266	11011	56
9266	10992	28
9266	10918	52
9266	10967	52
9266	10823	155
9266	10905	3213
9266	10845	1255
9266	10888	699
9266	10868	1857
9266	9283	4563
9266	10856	17
9266	10907	40
9266	10928	73
9266	16250	73
9266	10959	73
9266	10994	69
9266	10925	39
9266	10947	30
9266	10948	41
9266	10973	14
9266	11033	8
9266	10988	447
9266	11003	32
9266	11117	2948
9266	11138	18
9266	11207	18
9266	11233	3
9266	11065	176
9266	22658	8
9266	22658	8
9266	11151	4
9266	11107	12
9266	11212	14
9266	11045	12
9266	11131	12
9266	11115	12
9266	11061	12
9266	11063	12
10943	10924	60
10943	10685	60
10943	9267	60
10943	10745	60
10943	10792	60
10943	10764	60
10943	9263	52
10943	10809	60
10943	9284	60
10943	10897	52
10943	11011	60
10943	10992	34
10943	10918	52
10943	10967	52
10943	10823	20
10943	10905	205
10943	10845	3895
10943	10888	419
10943	10868	8142
10943	9283	1706
10943	10856	74
10943	10907	117
10943	10925	151
10943	10947	68
10943	10948	120
10943	10988	3906
10943	11003	3906
10943	11117	1776
10924	9267	60
10924	10745	60
10924	10792	60
10924	10764	60
10924	9263	46
10924	10809	60
10924	9284	60
10924	10897	52
10924	11011	60
10924	10992	36
10924	10918	52
10924	10967	52
10924	10823	20
10924	10905	321
10924	10845	4457
10924	10888	479
10924	10868	26305
10924	9283	3645
10924	10856	82
10924	10907	140
10924	10925	189
10924	10947	80
10924	10948	142
10924	10988	4399
10924	11003	4399
10924	11117	1746
21984	10633	227
21984	10692	227
21984	9263	422
21984	10823	2958
21984	10905	168
21984	10953	8744
21984	11027	60
21984	10970	52
21984	11009	60
21984	10845	4786
21984	9283	20279
21984	10856	407
21984	10928	54
21984	16250	54
21984	10959	54
21984	10994	54
21984	11033	56
21984	10988	12444
21984	11003	12444
21984	11117	60
21984	11247	60
21984	11075	60
21984	11083	60
21984	11148	60
21984	11174	60
21984	11339	60
21984	11303	60
21984	11034	60
21984	11102	60
21984	11170	60
21984	11138	60
21984	11215	60
21984	11207	60
21984	11233	60
21984	11272	60
21984	11065	60
21984	11212	60
21984	11183	52
21984	11176	52
10685	10809	1314
10685	10823	358
10685	10905	668
10685	10970	20
10685	10845	889
10685	10888	97
10685	10868	1274
10685	9283	5078
10685	10856	17
10685	10907	40
10685	10928	73
10685	16250	72
10685	10959	72
10685	10994	69
10685	10925	39
10685	10947	30
10685	10948	41
10685	10973	14
10685	11033	4
10685	10988	32
10685	11003	32
10685	11148	55
10685	11034	65
10685	11102	62
10685	11170	54
10685	11138	18
10685	11215	53
10685	11207	18
10685	11233	19
10685	11272	19
10685	11065	18
10685	22658	8
10685	22658	8
10685	11151	4
10685	11107	12
10685	11212	14
10685	11045	109
10685	11131	10
10685	11115	10
10685	11061	11
10685	11063	11
10633	10692	60
10633	10809	9861
10633	22419	54
10633	10823	1031
10633	10905	1682
10633	10953	1624
10633	11027	87
10633	10970	240
10633	11009	249
10633	10845	2502
10633	10888	321
10633	10868	4825
10633	9283	5029
10633	10856	295
10633	10907	133
10633	10928	231
10633	16250	230
10633	10959	230
10633	10994	222
10633	10925	139
10633	10947	96
10633	10948	134
10633	10973	45
10633	11033	18
10633	10988	83
10633	11003	83
10633	11247	232
10633	11075	87
10633	11083	87
10633	11148	222
10633	11174	238
10633	11339	229
10633	11303	50
10633	11034	218
10633	11102	211
10633	11170	220
10633	11138	46
10633	11215	216
10633	11207	46
10633	11233	49
10633	11272	48
10633	11065	46
10633	22658	22
10633	22658	22
10633	11151	12
10633	11107	30
10633	11212	37
10633	11183	6
10633	11176	6
10633	11045	30
10633	11131	30
10633	11115	30
10633	11061	30
10633	11063	30
9267	10745	60
9267	10792	60
9267	10764	60
9267	10809	60
9267	9284	60
9267	10897	52
9267	11011	56
9267	10992	26
9267	10918	52
9267	10967	52
9267	10823	324
9267	10905	183
9267	10845	800
9267	10888	146
9267	10868	1072
9267	9283	2722
9267	10856	27
9267	10907	62
9267	10928	106
9267	16250	106
9267	10959	106
9267	10994	102
9267	10925	64
9267	10947	44
9267	10948	63
9267	10973	194
9267	11033	116
9267	10988	42
9267	11003	42
9267	11117	3170
9267	11138	24
9267	11207	24
9267	11065	25
9267	22658	12
9267	22658	12
9267	11151	5
9267	11107	16
9267	11212	19
9267	11183	2
9267	11176	2
9267	11045	16
9267	11131	16
9267	11115	16
9267	11061	16
9267	11063	16
10745	10792	60
10745	10764	60
10745	9263	60
10745	10809	60
10745	9284	60
10745	10897	52
10745	11011	56
10745	10992	28
10745	10918	52
10745	10967	52
10745	10905	191
10745	10845	409
10745	10888	214
10745	10868	242
10745	9283	173
10745	10856	19
10745	10907	51
10745	10928	164
10745	16250	165
10745	10959	165
10745	10994	159
10745	10925	72
10745	10947	27
10745	10948	53
10745	10973	8
10745	11033	2
10745	10988	39
10745	11003	39
10745	11117	3160
10745	11138	19
10745	11207	19
10745	11065	20
10745	22658	6
10745	22658	6
10745	11151	2
10745	11107	10
10745	11212	17
10745	11045	10
10745	11131	10
10745	11115	10
10745	11061	10
10745	11063	10
10792	10764	60
10792	9263	60
10792	10809	60
10792	9284	60
10792	10897	52
10792	11011	56
10792	10992	28
10792	10918	52
10792	10967	52
10792	10823	16
10792	10905	193
10792	10845	3718
10792	10888	355
10792	10868	682
10792	9283	634
10792	10856	82
10792	10907	133
10792	10928	4
10792	16250	4
10792	10959	4
10792	10994	4
10792	10925	189
10792	10947	75
10792	10948	134
10792	10973	23
10792	10988	78
10792	11003	78
10792	11117	3174
10764	9263	60
10764	10809	60
10764	9284	60
10764	10897	52
10764	11011	56
10764	10992	138
10764	10918	52
10764	10967	52
10764	10905	3312
10764	10845	2195
10764	10888	213
10764	10868	3576
10764	9283	618
10764	10856	19
10764	10907	51
10764	10928	163
10764	16250	163
10764	10959	163
10764	10994	159
10764	10925	70
10764	10947	242
10764	10948	51
10764	10973	8
10764	10988	38
10764	11003	38
10764	11117	3168
10764	11138	19
10764	11207	19
10764	11233	27
10764	11065	19
10764	22658	6
10764	22658	6
10764	11151	2
10764	11107	10
10764	11212	17
10764	11176	11
10764	11045	10
10764	11131	10
10764	11115	10
10764	11061	10
10764	11063	10
10692	10809	9861
10692	22419	54
10692	10823	1031
10692	10905	1682
10692	10953	109
10692	11027	87
10692	10970	240
10692	11009	249
10692	10845	1912
10692	10888	321
10692	10868	2941
10692	9283	3614
10692	10856	203
10692	10907	133
10692	10928	231
10692	16250	230
10692	10959	230
10692	10994	222
10692	10925	139
10692	10947	1331
10692	10948	134
10692	10973	45
10692	11033	18
10692	10988	83
10692	11003	83
10692	11247	232
10692	11075	87
10692	11083	87
10692	11148	222
10692	11174	238
10692	11339	229
10692	11303	50
10692	11034	218
10692	11102	211
10692	11170	220
10692	11138	46
10692	11215	216
10692	11207	46
10692	11233	49
10692	11272	48
10692	11065	46
10692	22658	22
10692	22658	22
10692	11151	12
10692	11107	30
10692	11212	37
10692	11183	6
10692	11176	6
10692	11045	30
10692	11131	30
10692	11115	30
10692	11061	30
10692	11063	30
9263	10809	88754
9263	9284	223
9263	10897	23
9263	11011	29
9263	10992	29
9263	10918	201
9263	10967	23
9263	22419	595
9263	10823	39898
9263	10905	59780
9263	10953	9232
9263	11027	135
9263	10970	445
9263	11009	460
9263	10845	80552
9263	10888	33151
9263	10868	67040
9263	9283	260478
9263	10856	1079
9263	10907	237
9263	10928	3666
9263	16250	423
9263	10959	2000
9263	10994	416
9263	10925	4528
9263	10947	1264
9263	10948	240
9263	10973	1425
9263	11033	1141
9263	10988	985
9263	11003	129
9263	11117	21851
9263	11247	2461
9263	11075	2040
9263	11083	135
9263	11148	415
9263	11174	9239
9263	11339	2432
9263	11303	78
9263	11034	408
9263	11102	394
9263	11170	411
9263	11138	72
9263	11215	2386
9263	11207	72
9263	11233	76
9263	11272	675
9263	11065	72
9263	22658	33
9263	22658	33
9263	11151	116
9263	11107	744
9263	11212	58
9263	11183	11
9263	11176	143
9263	11045	385
9263	11131	47
9263	11115	47
9263	11061	47
9263	11063	47
10809	9284	60
10809	10897	46
10809	11011	42
10809	10992	28
10809	10918	36
10809	10967	36
10809	10905	1234
10809	10970	154
10809	10845	3149
10809	10888	3135
10809	10868	11588
10809	9283	1097
10809	10856	23
10809	10907	51
10809	10928	172
10809	16250	172
10809	10959	172
10809	10994	163
10809	10925	623
10809	10947	278
10809	10948	54
10809	10973	8
10809	10988	41
10809	11003	387
10809	11117	3040
10809	11148	150
10809	11034	155
10809	11102	148
10809	11170	151
10809	11138	58
10809	11215	149
10809	11207	21
10809	11233	21
10809	11272	20
10809	11065	21
10809	22658	6
10809	22658	6
10809	11151	2
10809	11107	11
10809	11212	19
10809	11176	11
10809	11045	11
10809	11131	11
10809	11115	33
10809	11061	11
10809	11063	11
9284	10897	52
9284	11011	56
9284	10992	28
9284	10918	52
9284	10967	52
9284	10823	210
9284	10905	4144
9284	10845	51108
9284	10888	10119
9284	10868	52643
9284	9283	20750
9284	10856	92
9284	10907	1236
9284	10928	4
9284	16250	4
9284	10959	4
9284	10994	4
9284	10925	1436
9284	10947	1464
9284	10948	147
9284	10973	25
9284	10988	86
9284	11003	86
9284	11117	2860
10897	10992	10474
10897	10918	60
10897	10967	60
10897	10823	52
10897	10905	4982
10897	10845	419
10897	10888	224
10897	10868	4470
10897	9283	44619
10897	10856	133
10897	10907	1
10897	10928	10
10897	16250	10
10897	10959	10
10897	10994	10
10897	10925	11
10897	10948	1
10897	10988	12
10897	11003	12
11011	10992	44
11011	10967	14
11011	10823	10
11011	10905	12
11011	10845	53
11011	10888	7
11011	10868	700
11011	9283	4094
11011	10856	19
11011	10988	5087
11011	11003	5087
11011	11117	1430
10992	10918	10474
10992	10967	42
10992	10823	5670
10992	10905	6
10992	10845	55
10992	10868	679
10992	9283	2225
10992	10856	21
10992	10988	4846
10992	11003	4846
10992	11117	2588
10918	10967	250
10918	10823	52
10918	10905	67454
10918	10845	317
10918	10888	85
10918	10868	4788
10918	9283	147224
10918	10856	2083
10918	10907	2
10918	10928	14
10918	16250	14
10918	10959	14
10918	10994	14
10918	10925	5
10918	10948	1
10918	10988	43
10918	11003	17
10967	10823	52
10967	10905	9205
10967	10845	599
10967	10888	18
10967	10868	16887
10967	9283	36558
10967	10856	156
10967	10907	1
10967	10928	14
10967	16250	14
10967	10959	14
10967	10994	14
10967	10925	5
10967	10948	1
10967	10988	17
10967	11003	17
10967	11117	2382
22419	10823	150
22419	10905	246
22419	10845	1663
22419	10888	8
22419	10868	2704
22419	9283	25408
22419	10856	25
22419	10988	6225
22419	11003	6225
10823	10905	8040
10823	10953	32925
10823	11027	909
10823	10970	3365
10823	11009	567
10823	10845	274520
10823	10888	36388
10823	10868	155106
10823	9283	59728
10823	10856	402
10823	10907	145
10823	10928	2838
10823	16250	2700
10823	10959	2700
10823	10994	3032
10823	10925	3848
10823	10947	914
10823	10948	145
10823	10973	197
10823	11033	241
10823	10988	83
10823	11003	948
10823	11117	2545
10823	11247	540
10823	11075	375
10823	11083	375
10823	11148	517
10823	11174	6158
10823	11339	532
10823	11303	49
10823	11034	512
10823	11102	495
10823	11170	517
10823	11138	44
10823	11215	516
10823	11207	44
10823	11233	47
10823	11272	47
10823	11065	43
10823	22658	14
10823	22658	129
10823	11151	4
10823	11107	219
10823	11212	362
10823	11176	53
10823	11045	23
10823	11131	23
10823	11115	23
10823	11061	23
10823	11063	23
10905	10953	73803
10905	11027	787
10905	10970	441
10905	11009	45
10905	10845	4384
10905	10868	11168
10905	9283	736
10905	10856	456
10905	11117	524
10905	11247	10
10905	11075	15
10905	11083	15
10905	11174	317
10905	11339	17
10905	11303	8
10953	11027	60522
10953	10970	2468
10953	11009	3258
10953	10845	12815
10953	10888	881
10953	10868	178067
10953	9283	461049
10953	10856	1262
10953	10928	522
10953	16250	168
10953	10959	236
10953	10994	336
10953	11033	396
10953	10988	28
10953	11003	63
10953	11247	208
10953	11075	4966
10953	11083	1798
10953	11148	208
10953	11174	27804
10953	11339	4182
10953	11303	2694
10953	11034	484
10953	11102	196
10953	11170	212
10953	11138	242
10953	11215	210
10953	11207	52
10953	11233	1892
10953	11272	2560
10953	11065	52
10953	11212	18
11027	10970	52
11027	11009	60
11027	10845	20327
11027	10888	2
11027	10868	10934
11027	9283	30525
11027	10856	194
11027	10928	52
11027	16250	52
11027	10959	52
11027	10994	52
11027	11033	60
11027	10988	19682
11027	11003	19682
11027	11247	60
11027	11075	60
11027	11083	60
11027	11148	60
11027	11174	60
11027	11339	60
11027	11303	60
11027	11034	60
11027	11102	60
11027	11170	60
11027	11138	60
11027	11215	60
11027	11207	60
11027	11233	60
11027	11272	60
11027	11065	60
11027	11212	40
10970	11009	60
10970	10845	947
10970	10888	43358
10970	9283	1640
10970	10856	302
10970	10928	60
10970	16250	60
10970	10959	60
10970	10994	60
10970	11033	60
10970	10988	2
10970	11003	2
10970	11247	52
10970	11075	52
10970	11083	52
10970	11148	52
10970	11174	52
10970	11339	52
10970	11303	54
10970	11034	60
10970	11102	60
10970	11170	54
10970	11138	29
10970	11215	54
10970	11207	29
10970	11233	54
10970	11272	54
10970	11065	29
10970	11212	16
11009	10845	5453
11009	10868	10904
11009	9283	17699
11009	10856	299
11009	10928	60
11009	16250	60
11009	10959	60
11009	10994	60
11009	11033	60
11009	10988	20288
11009	11003	20288
11009	11247	60
11009	11075	60
11009	11083	60
11009	11148	60
11009	11174	60
11009	11339	60
11009	11303	60
11009	11034	60
11009	11102	60
11009	11170	60
11009	11138	60
11009	11215	60
11009	11207	60
11009	11233	60
11009	11272	60
11009	11065	54
11009	11212	20
10845	10888	7662
10845	10868	17607
10845	9283	26556
10845	10856	248
10845	10907	277
10845	10928	865
10845	16250	831
10845	10959	831
10845	10994	761
10845	10925	819
10845	10947	57
10845	10948	269
10845	10988	36
10845	11003	36
10845	11117	834
10845	11247	973
10845	11075	1014
10845	11083	1014
10845	11148	945
10845	11174	21194
10845	11339	949
10845	11303	18
10845	11034	792
10845	11102	818
10845	11170	901
10845	11138	17
10845	11215	879
10845	11207	17
10845	11233	18
10845	11272	18
10845	11065	17
10845	22658	2
10845	22658	18
10845	11107	4
10845	11212	134
10845	11045	4
10845	11131	4
10845	11115	4
10845	11061	4
10845	11063	4
10888	9283	976
10888	10856	602
10888	10988	2
10888	11003	2
10888	11117	13
10888	11174	43352
10888	11303	12
10888	11138	12
10888	11207	12
10888	11233	12
10888	11272	12
10888	11065	11
10888	11212	5
10868	9283	8654
10868	10856	8430
10868	10988	3
10868	11003	3
10868	11117	19450
10868	11174	10934
10868	11303	71
10868	11138	9
10868	11207	9
10868	11233	9
10868	11272	71
10868	11065	9
10868	11212	5
9283	10856	250
9283	10907	39
9283	10928	581
9283	16250	568
9283	10959	308
9283	10994	275
9283	10925	437
9283	10947	2231
9283	10948	718
9283	10973	4
9283	10988	15
9283	11003	201
9283	11117	17509
9283	11247	7077
9283	11075	7709
9283	11083	3265
9283	11148	735
9283	11174	35468
9283	11339	9132
9283	11303	1128
9283	11034	1136
9283	11102	536
9283	11170	586
9283	11138	95
9283	11215	559
9283	11207	6
9283	11233	6
9283	11272	39
9283	11065	144
9283	11151	2
9283	11212	102
9283	11061	15
10856	10907	56
10856	10928	310
10856	16250	295
10856	10959	295
10856	10994	259
10856	10925	14
10856	10947	95
10856	10948	732
10856	10973	4
10856	10988	15
10856	11003	15
10856	11117	18
10856	11247	284
10856	11075	28
10856	11083	352
10856	11148	278
10856	11174	158
10856	11339	281
10856	11303	6
10856	11034	268
10856	11102	270
10856	11170	290
10856	11138	6
10856	11215	288
10856	11207	6
10856	11233	6
10856	11272	6
10856	11065	6
10856	11212	2
10907	10948	56
10907	10988	64
10907	11003	64
10907	11303	12
10907	11170	2
10907	11138	12
10907	11215	2
10907	11207	12
10907	11233	12
10907	11272	12
10907	11065	12
10907	11212	8
10928	16250	60
10928	10959	60
10928	10994	60
10928	11033	60
10928	10988	2
10928	11003	2
10928	11247	52
10928	11075	52
10928	11083	52
10928	11148	52
10928	11174	52
10928	11339	54
10928	11303	54
10928	11034	60
10928	11102	60
10928	11170	54
10928	11138	15
10928	11215	54
10928	11207	15
10928	11233	54
10928	11272	54
10928	11065	15
10928	11212	4
16250	10959	60
16250	10994	60
16250	10925	20
16250	11033	60
16250	10988	399
16250	11003	399
16250	11247	54
16250	11075	52
16250	11083	52
16250	11148	52
16250	11174	52
16250	11339	54
16250	11303	54
16250	11034	60
16250	11102	60
16250	11170	54
16250	11138	1544
16250	11215	54
16250	11207	1583
16250	11233	54
16250	11272	54
16250	11065	1544
16250	11107	63
16250	11212	1085
16250	11183	294
16250	11176	294
16250	11045	117
16250	11131	117
16250	11115	117
16250	11061	117
16250	11063	117
10959	10994	60
10959	10925	20
10959	11033	60
10959	10988	399
10959	11003	399
10959	11247	54
10959	11075	52
10959	11083	52
10959	11148	52
10959	11174	52
10959	11339	54
10959	11303	54
10959	11034	60
10959	11102	60
10959	11170	54
10959	11138	1544
10959	11215	54
10959	11207	1583
10959	11233	54
10959	11272	54
10959	11065	1544
10959	11107	63
10959	11212	1085
10959	11183	294
10959	11176	294
10959	11045	117
10959	11131	117
10959	11115	117
10959	11061	117
10959	11063	117
10994	11033	60
10994	10988	401
10994	11003	401
10994	11247	54
10994	11075	52
10994	11083	52
10994	11148	52
10994	11174	52
10994	11339	54
10994	11303	54
10994	11034	60
10994	11102	60
10994	11170	54
10994	11138	1544
10994	11215	54
10994	11207	1583
10994	11233	54
10994	11272	54
10994	11065	1544
10994	11107	63
10994	11212	1085
10994	11183	294
10994	11176	294
10994	11045	117
10994	11131	117
10994	11115	117
10994	11061	117
10994	11063	117
10925	10988	14
10925	11003	14
10925	11303	53
10925	11170	15
10925	11138	53
10925	11215	15
10925	11207	53
10925	11233	53
10925	11272	53
10925	11065	40
10925	11212	17
10925	11045	2
10925	11131	2
10925	11115	2
10925	11061	2
10925	11063	2
10947	10948	60
10947	10988	180
10947	11003	180
10947	11303	34
10947	11170	8
10947	11138	32
10947	11215	8
10947	11207	33
10947	11233	33
10947	11272	34
10947	11065	34
10947	11107	4
10947	11212	25
10947	11045	4
10947	11131	4
10947	11115	4
10947	11061	4
10947	11063	4
10948	10973	60
10948	10988	2676
10948	11003	2676
10948	11303	497
10948	11170	473
10948	11138	473
10948	11215	483
10948	11207	489
10948	11233	483
10948	11272	503
10948	11065	493
10948	22658	11
10948	22658	11
10948	11107	65
10948	11212	405
10948	11045	65
10948	11131	65
10948	11115	65
10948	11061	65
10948	11063	65
10973	10988	2679
10973	11003	2679
10973	11303	504
10973	11170	481
10973	11138	480
10973	11215	490
10973	11207	496
10973	11233	490
10973	11272	489
10973	11065	498
10973	22658	11
10973	22658	11
10973	11107	65
10973	11212	411
10973	11045	66
10973	11131	66
10973	11115	66
10973	11061	66
10973	11063	66
11033	10988	16586
11033	11003	16586
11033	11247	56
11033	11075	60
11033	11083	60
11033	11148	60
11033	11174	60
11033	11339	56
11033	11303	56
11033	11034	60
11033	11102	60
11033	11170	56
11033	11138	56
11033	11215	56
11033	11207	56
11033	11233	56
11033	11272	56
11033	11065	56
11033	11212	20
10988	11003	60
10988	11117	5618
10988	11247	13140
10988	11075	19599
10988	11083	19599
10988	11148	17046
10988	11174	17375
10988	11339	12516
10988	11034	16713
10988	11102	16713
11003	11117	5618
11003	11247	13140
11003	11075	19599
11003	11083	19599
11003	11148	17046
11003	11174	17375
11003	11339	12516
11003	11034	16713
11003	11102	16713
11117	11247	60
11117	11075	50
11117	11083	50
11117	11148	60
11117	11174	60
11117	11339	60
11117	11303	60
11117	11102	56
11117	11170	60
11117	11138	60
11117	11215	60
11117	11207	60
11117	11233	60
11117	11272	60
11117	11065	56
11117	11212	60
11117	11183	50
11117	11176	50
11247	11075	60
11247	11083	60
11247	11148	60
11247	11174	60
11247	11339	60
11247	11303	60
11247	11034	60
11247	11102	60
11247	11170	60
11247	11138	60
11247	11215	60
11247	11207	60
11247	11233	60
11247	11272	60
11247	11065	60
11247	11212	60
11247	11183	52
11247	11176	52
11075	11083	60
11075	11148	60
11075	11174	60
11075	11339	60
11075	11303	60
11075	11034	60
11075	11102	60
11075	11170	60
11075	11138	60
11075	11215	60
11075	11207	60
11075	11233	60
11075	11272	60
11075	11065	60
11075	11212	60
11075	11183	52
11075	11176	52
11083	11148	60
11083	11174	60
11083	11339	60
11083	11303	60
11083	11034	60
11083	11102	60
11083	11170	60
11083	11138	60
11083	11215	60
11083	11207	60
11083	11233	60
11083	11272	60
11083	11065	60
11083	11212	60
11083	11183	52
11083	11176	52
11148	11174	60
11148	11339	60
11148	11303	60
11148	11034	60
11148	11102	60
11148	11170	60
11148	11138	60
11148	11215	60
11148	11207	60
11148	11233	60
11148	11272	60
11148	11065	60
11148	11212	60
11148	11183	52
11148	11176	52
11174	11339	60
11174	11303	60
11174	11034	60
11174	11102	60
11174	11170	60
11174	11138	60
11174	11215	60
11174	11207	60
11174	11233	60
11174	11272	60
11174	11065	60
11174	11212	60
11174	11183	52
11174	11176	52
11339	11303	60
11339	11034	60
11339	11102	60
11339	11170	60
11339	11138	60
11339	11215	60
11339	11207	60
11339	11233	60
11339	11272	60
11339	11065	60
11339	11212	60
11339	11183	52
11339	11176	52
11303	11034	56
11303	11102	56
11303	11170	60
11303	11138	60
11303	11215	60
11303	11207	60
11303	11233	60
11303	11272	60
11303	11065	60
11303	11212	60
11303	11183	52
11303	11176	52
11303	11045	48
11303	11131	48
11303	11115	48
11303	11061	48
11303	11063	48
11034	11102	60
11034	11170	56
11034	11138	56
11034	11215	56
11034	11207	56
11034	11233	56
11034	11272	56
11034	11065	56
11034	11212	20
11102	11170	56
11102	11138	56
11102	11215	56
11102	11207	56
11102	11233	56
11102	11272	56
11102	11065	56
11102	11212	56
11170	11138	60
11170	11215	60
11170	11207	60
11170	11233	60
11170	11272	60
11170	11065	60
11170	11212	60
11170	11183	52
11170	11176	52
11138	11215	60
11138	11207	60
11138	11233	60
11138	11272	60
11138	11065	60
11138	11212	60
11138	11183	52
11138	11176	52
11215	11207	60
11215	11233	60
11215	11272	60
11215	11065	60
11215	11212	60
11215	11183	52
11215	11176	52
11215	11045	48
11215	11131	48
11215	11115	48
11215	11061	48
11215	11063	48
11207	11233	60
11207	11272	60
11207	11065	60
11207	11212	60
11207	11183	60
11207	11176	52
11207	11045	48
11207	11131	48
11207	11115	48
11207	11061	48
11207	11063	48
11233	11272	60
11233	11065	60
11233	11212	60
11233	11183	60
11233	11176	52
11233	11045	48
11233	11131	48
11233	11115	48
11233	11061	48
11233	11063	48
11272	11065	60
11272	11212	60
11272	11183	52
11272	11176	52
11272	11045	48
11272	11131	48
11272	11115	48
11272	11061	48
11272	11063	48
11065	11212	60
22658	22658	60
11151	11107	2708
11151	11045	2706
11107	11045	60
11107	11131	60
11107	11115	60
11107	11061	60
11107	11063	60
11212	11183	60
11212	11176	60
11212	11045	60
11212	11131	60
11212	11115	60
11212	11061	60
11212	11063	60
11183	11176	60
11183	11045	60
11183	11131	60
11183	11115	60
11183	11061	60
11183	11063	60
11176	11045	60
11176	11131	60
11176	11115	60
11176	11061	60
11176	11063	60
11045	11131	60
11045	11115	60
11045	11061	60
11045	11063	60
11131	11115	60
11131	11061	60
11131	11063	60
11115	11061	60
11115	11063	60
11061	11063	60
