207	99	4002
14363	11127	11128	15.747708
14371	11133	11127	17.555469
14447	11188	11189	0.669382
14462	11200	11133	11.641957
14475	11128	11211	18.782152
14480	11189	11214	7.677371
14484	11217	11200	9.507839
14485	11218	11211	1.112071
14491	11188	11224	9.866868
14492	11224	11217	4.536174
14495	11227	11228	4.188026
14496	11228	11211	8.328396
14506	11218	11236	11.213534
14513	11214	11242	28.717323
14518	11200	11245	12.443898
14519	11245	11227	50.504051
14536	11236	11258	4.926474
14545	11258	11265	1.936695
14568	11242	11286	8.940283
14570	11224	11288	14.618392
14571	11245	11288	7.585814
14587	11288	11299	1.94359
14602	11228	11312	16.188665
14609	11317	11286	7.380088
14610	11312	11288	26.664265
14611	11318	11317	18.896523
14612	11265	11319	26.622072
14618	11265	11325	13.919589
14622	11325	11327	2.765794
14627	11331	11319	5.844612
14628	11327	11331	2.038578
14629	11332	11325	3.59421
14630	11333	11334	23.052641
14631	11333	11317	11.343031
14635	11337	11312	19.964344
14645	11347	11337	1.3567
14646	11319	11347	9.255645
14647	11348	11337	6.960164
14650	11351	11312	33.663864
14651	11351	11348	16.20127
14652	11352	11332	8.785347
14654	11354	11347	1.336318
14663	11363	11354	4.573792
14664	11363	11332	13.740615
14666	11333	11365	11.32335
14667	11299	11365	18.347536
14676	11365	11372	16.36401
14677	11351	11372	15.003834
14685	11380	11352	6.086076
14691	11384	11352	5.153657
14701	11351	11393	26.12282
14702	11393	11348	15.166059
14704	11365	11395	6.906075
14705	11396	11363	7.944664
14707	11365	11398	13.714351
14711	11400	11401	51.106812
14714	11397	11404	4.408307
14715	11318	11405	70.232536
14716	11405	11406	4.559568
14717	11405	11400	6.92081
14720	11400	11408	2.897671
14722	11384	11411	6.108976
14723	11411	22578	2.126801
14724	11398	11412	3.498893
14725	11393	11412	41.694279
14731	11417	11398	7.169539
14732	11393	11418	10.511235
14733	11418	11396	14.209646
14734	11365	11406	35.811526
14737	11421	11396	5.17787
14738	11421	11380	12.337018
14739	11408	11422	6.408834
14740	11423	11395	7.315529
14746	11428	11429	4.746131
14747	11422	11430	3.98671
14754	11437	11436	1.225504
14757	11436	11439	4.941019
14758	11384	11439	12.133461
14760	11437	11442	2.331041
14761	11442	11421	6.078629
14762	11412	11443	6.857083
14763	11393	11444	8.734974
14764	11439	11445	4.049537
14765	11429	11445	2.660594
14766	11446	11443	1.487644
14769	11449	11446	3.327348
14770	11444	11449	5.695789
14771	11450	11442	2.19822
14772	11450	11437	2.312579
14773	22578	11451	6.065015
14778	11445	22772	1.191807
14783	11456	11457	13.87123
14787	11430	11461	8.857762
14788	11462	11446	4.406299
14789	11463	11456	9.401285
14790	11397	11463	15.491442
14791	11461	11463	1.100785
14794	11466	11395	13.65181
14799	11400	11470	17.979243
14800	11471	11463	0.898103
14804	11474	11463	20.956167
14805	11474	11408	32.012299
14806	11475	11444	9.202621
14808	11450	11476	5.079675
14809	11477	15863	14.136888
14810	11478	11451	3.567325
14815	11457	11483	15.397648
14818	11485	11477	1.774491
14819	11483	11485	14.950887
14821	11487	11478	4.157524
14824	11471	11489	23.908127
14825	11490	11450	10.800256
14826	11490	11487	3.584772
14831	11475	11494	16.517021
14836	11498	11475	5.844698
14837	11476	11498	17.265112
14841	11449	11501	27.815626
14842	11502	11476	5.314117
14847	11505	11471	6.782322
14848	11505	11474	8.578252
14850	11507	11490	5.912555
14851	11507	11478	4.826859
14855	11443	11510	21.802408
14857	11512	11466	9.091367
14858	11513	11502	5.025164
14860	11510	11512	2.760319
14862	11515	11512	5.166219
14864	11411	11517	33.046865
14865	11470	11518	10.306593
14876	11518	11525	13.132998
14878	11525	11515	12.014438
14879	11527	11485	19.276477
14880	11528	11518	8.598036
14882	11498	11530	6.05713
14883	11530	11513	8.848367
14886	11533	11507	6.277371
14887	11534	11505	7.14666
14889	11534	11528	14.492899
14890	11536	11530	9.01129
14893	11501	11538	13.588225
14894	11538	11536	0.991781
14899	11517	11543	17.402285
14903	11489	11547	32.693962
14910	11552	11551	7.505602
14912	11553	11527	4.691042
14914	11555	11534	5.292786
14915	11556	11552	11.726998
14916	11510	11556	14.962305
14918	11517	11558	9.437486
14919	11558	11543	20.061152
14922	11555	11561	2.583881
14924	11563	11533	11.614759
14925	11564	11525	7.915983
14935	11558	11573	14.573659
14938	11576	11553	21.087304
14941	11538	11551	4.665889
14942	11560	11578	5.933704
14944	11580	11553	6.806203
14948	11573	11584	4.375539
14949	11584	11533	14.052878
14953	11587	11563	9.621006
14957	11591	11561	23.743912
14958	11592	11560	9.087253
14964	11596	11576	4.884282
14968	11600	11576	19.205389
14969	11600	11555	20.69654
14976	11606	11558	11.674881
14977	11606	11592	13.902692
14982	11610	11587	7.796386
14984	11610	11612	0.875042
14985	11578	11613	12.424367
14989	11580	11616	47.656311
14990	11616	11596	5.53905
14994	11620	11591	7.758986
14996	11620	11622	0.713047
14997	11622	11600	13.087717
14998	11623	11584	10.773597
15001	11626	11606	4.888571
15006	11630	11623	2.470175
15007	11612	11609	19.907174
15012	11635	11616	3.962244
15021	11623	11626	67.801552
15029	11649	11635	15.921067
15030	11649	11600	39.279362
15035	11623	11610	61.113731
15049	11661	11613	13.870972
15050	11645	11661	12.767326
15051	11661	11626	13.983301
15052	11663	11610	14.431074
15062	11670	11645	7.989058
15087	11687	11663	5.696673
15089	11687	11688	7.607463
15093	11692	11623	20.342937
15099	11696	11692	2.92683
15100	11696	11697	5.571154
15102	11699	11661	11.716531
15108	11688	11704	21.049994
15110	11697	11699	9.266843
15113	11696	11708	1.200283
15114	11704	11708	6.750546
15123	11708	11716	1.098233
15143	11716	22821	5.658258
15144	11732	11699	6.752688
29653269	11359	11397	9.806798
29653839	11551	11577	7.991582
29653969	22772	11451	4.689321
29654006	22821	11732	18.085848
11127
11128
11133
11189
11214
11217
11218
11242
11286
11299
11312
11317
11318
11319
11331
11332
11333
11334
11351
11354
11359
11365
11372
11380
11393
11400
11401
11404
11406
11411
11412
11417
11418
11422
11423
11428
11429
11430
11437
11443
11444
11456
11462
11463
11466
11470
11474
11476
11485
11487
11489
11494
11501
11512
11513
11517
11518
11525
11527
11528
11530
11533
11534
11538
11547
11552
11556
11558
11561
11563
11564
11573
11577
11578
11580
11587
11591
11592
11596
11609
11610
11613
11620
11626
11630
11635
11645
11649
11661
11663
11670
11688
11692
11697
11704
11732
15863
22772
22821
15863	11485	60
15863	11527	150
15863	11580	60
15863	11580	60
15863	11359	56
15863	11401	56
15863	11547	56
15863	11456	56
15863	11489	56
15863	11404	56
15863	11430	56
15863	11463	56
15863	11318	56
15863	11422	144
15863	11400	56
15863	11474	56
15863	11406	56
15863	11470	56
15863	11317	56
15863	11286	56
15863	11333	56
15863	11423	56
15863	11534	56
15863	11518	3886
15863	11564	22
15863	11525	22
15863	11217	91
15863	11334	56
15863	11365	56
15863	11299	41
15863	11299	41
15863	11372	56
15863	11417	56
15863	11466	18
15863	11412	56
15863	11443	20
15863	11351	56
15863	11393	616
15863	11444	443
15863	11418	616
15863	11494	72
15863	11319	2076
15863	11354	201
15863	11331	2071
15863	11437	73
15863	11476	62
15863	11332	229
15863	11380	190
15863	11428	49
15863	11429	49
15863	22772	52
15863	11487	213
15863	11411	870
15863	11512	105
15863	11609	20
15863	11563	16
15863	11587	8
15863	11533	38
15863	11573	16
15863	11630	9
15863	11517	7
15863	11558	16
15863	11517	7
15863	11592	18
15863	11626	18
15863	11578	22
11485	11527	240
11485	11580	60
11485	11580	60
11485	11359	56
11485	11401	56
11485	11547	56
11485	11456	56
11485	11489	56
11485	11404	56
11485	11430	56
11485	11463	56
11485	11318	56
11485	11242	56
11485	11422	56
11485	11400	56
11485	11474	56
11485	11406	56
11485	11470	56
11485	11317	56
11485	11286	56
11485	11333	56
11485	11423	56
11485	11534	56
11485	11518	3886
11485	11564	22
11485	11525	22
11485	11133	92
11485	11217	91
11485	11127	14
11485	11128	8
11485	11334	56
11485	11365	56
11485	11299	56
11485	11299	56
11485	11372	56
11485	11417	56
11485	11466	18
11485	11412	56
11485	11443	20
11485	11351	56
11485	11393	616
11485	11444	443
11485	11418	616
11485	11494	72
11485	11319	2079
11485	11354	40
11485	11331	2072
11485	11437	73
11485	11476	62
11485	11332	91
11485	11380	18
11485	11428	50
11485	11429	50
11485	22772	52
11485	11487	15
11485	11411	105
11485	11512	43
11485	11609	20
11485	11563	16
11485	11587	8
11485	11533	38
11485	11573	16
11485	11630	9
11485	11517	7
11485	11558	16
11485	11517	7
11485	11592	18
11485	11626	18
11485	11578	22
11527	11580	240
11527	11580	540
11527	11359	136
11527	11401	56
11527	11547	56
11527	11456	148
11527	11489	56
11527	11404	56
11527	11430	56
11527	11463	56
11527	11318	56
11527	11242	56
11527	11422	56
11527	11400	56
11527	11474	84
11527	11406	136
11527	11470	131
11527	11317	56
11527	11286	56
11527	11333	56
11527	11423	46
11527	11635	1
11527	11534	569
11527	11518	127
11527	11525	2
11527	11133	14
11527	11217	91
11527	11127	14
11527	11128	8
11527	11334	56
11527	11365	396
11527	11299	568
11527	11299	56
11527	11372	56
11527	11417	56
11527	11466	44
11527	11412	46
11527	11443	71
11527	11351	54
11527	11393	253
11527	11444	184
11527	11418	253
11527	11494	18
11527	11319	1642
11527	11354	34
11527	11331	1635
11527	11437	18
11527	11476	223
11527	11332	155
11527	11380	1327
11527	11428	20
11527	11429	92
11527	22772	20
11527	11487	11
11527	11411	6896
11527	11512	928
11527	11609	10
11527	11563	12
11527	11587	18
11527	11663	10
11527	11533	18
11527	11573	12
11527	11630	10
11527	11704	16
11527	11517	20
11527	11558	13
11527	11517	75
11527	11592	14
11527	11626	13
11527	11578	8
11527	11670	41
11580	11580	60
11580	11359	56
11580	11401	56
11580	11547	54
11580	11456	56
11580	11489	54
11580	11404	56
11580	11430	56
11580	11463	56
11580	11318	56
11580	11242	66
11580	11422	56
11580	11400	56
11580	11474	21
11580	11406	56
11580	11470	129
11580	11317	66
11580	11286	66
11580	11333	66
11580	11423	62
11580	11534	21
11580	11518	127
11580	11133	14
11580	11217	91
11580	11127	14
11580	11128	8
11580	11334	66
11580	11365	66
11580	11299	66
11580	11299	66
11580	11372	66
11580	11417	75
11580	11466	43
11580	11412	71
11580	11443	68
11580	11351	63
11580	11393	253
11580	11444	184
11580	11418	253
11580	11494	18
11580	11319	223
11580	11354	19
11580	11331	222
11580	11437	18
11580	11476	16
11580	11332	66
11580	11380	43
11580	11428	20
11580	11429	20
11580	22772	20
11580	11487	11
11580	11411	515
11580	11512	506
11580	11609	10
11580	11563	12
11580	11587	18
11580	11533	18
11580	11573	12
11580	11630	10
11580	11517	20
11580	11558	13
11580	11517	20
11580	11592	14
11580	11626	13
11580	11359	56
11580	11401	56
11580	11547	54
11580	11456	148
11580	11489	54
11580	11404	56
11580	11430	56
11580	11463	56
11580	11318	56
11580	11242	66
11580	11422	56
11580	11400	56
11580	11474	21
11580	11406	56
11580	11470	129
11580	11317	66
11580	11286	66
11580	11333	66
11580	11423	62
11580	11534	21
11580	11518	127
11580	11133	14
11580	11217	91
11580	11127	14
11580	11128	8
11580	11334	66
11580	11365	199
11580	11299	66
11580	11299	66
11580	11372	66
11580	11417	75
11580	11466	43
11580	11412	71
11580	11443	68
11580	11351	63
11580	11393	253
11580	11444	184
11580	11418	253
11580	11494	18
11580	11319	223
11580	11354	173
11580	11331	222
11580	11437	18
11580	11476	16
11580	11332	66
11580	11380	43
11580	11428	20
11580	11429	20
11580	22772	20
11580	11487	11
11580	11411	1841
11580	11512	43
11580	11609	10
11580	11563	12
11580	11587	18
11580	11533	18
11580	11573	12
11580	11630	10
11580	11517	20
11580	11558	13
11580	11517	20
11580	11592	14
11580	11626	13
11596	11359	298
11596	11401	278
11596	11547	298
11596	11456	305
11596	11489	298
11596	11404	298
11596	11430	298
11596	11463	298
11596	11318	278
11596	11242	3
11596	11422	298
11596	11400	278
11596	11474	298
11596	11406	278
11596	11470	499
11596	11317	3
11596	11286	3
11596	11333	3
11596	11423	12
11596	11635	60
11596	11649	16
11596	11561	4714
11596	11534	298
11596	11528	2
11596	11518	499
11596	11564	30
11596	11525	30
11596	11133	3
11596	11217	122
11596	11127	3
11596	11128	3
11596	11334	3
11596	11365	3
11596	11299	3
11596	11299	3
11596	11372	3
11596	11417	13
11596	11466	44
11596	11412	13
11596	11443	13
11596	11312	849
11596	11351	3
11596	11393	140
11596	11444	733
11596	11418	141
11596	11494	40
11596	11218	863
11596	11319	356
11596	11354	44
11596	11331	354
11596	11437	39
11596	11476	33
11596	11332	98
11596	11380	69
11596	11428	31
11596	11429	31
11596	22772	33
11596	11487	16
11596	11411	1955
11596	11512	22
11596	11609	161
11596	11563	52
11596	11587	121
11596	11533	26
11596	11573	15
11596	11630	10
11596	11517	33
11596	11558	15
11596	11517	33
11596	11592	21
11596	11626	17
11359	11401	56
11359	11547	60
11359	11456	60
11359	11489	60
11359	11404	60
11359	11430	60
11359	11463	60
11359	11318	56
11359	11242	56
11359	11422	60
11359	11400	56
11359	11474	60
11359	11406	56
11359	11470	56
11359	11317	56
11359	11286	56
11359	11333	56
11359	11423	56
11359	11635	298
11359	11649	1145
11359	11534	60
11359	11620	1711
11359	11518	3886
11359	11564	22
11359	11525	22
11359	11133	54
11359	11217	3090
11359	11127	54
11359	11128	22
11359	11334	56
11359	11365	348
11359	11299	56
11359	11299	56
11359	11372	56
11359	11417	56
11359	11466	18
11359	11412	56
11359	11443	20
11359	11351	56
11359	11393	672
11359	11444	446
11359	11418	619
11359	11494	76
11359	11319	7668
11359	11354	989
11359	11331	2086
11359	11437	731
11359	11476	64
11359	11332	91
11359	11380	19
11359	11428	52
11359	11429	52
11359	22772	53
11359	11487	16
11359	11411	1773
11359	11512	43
11359	11609	20
11359	11563	16
11359	11587	7
11359	11610	21
11359	11533	40
11359	11573	18
11359	11630	9
11359	11692	5
11359	11517	7
11359	11558	18
11359	11517	7
11359	11592	18
11359	11626	18
11359	11697	5
11359	11661	18
11359	11578	18
11359	11613	18
11359	11645	18
11359	11670	18
11359	22821	6
11359	11732	5
11401	11547	56
11401	11456	56
11401	11489	56
11401	11404	56
11401	11430	60
11401	11463	56
11401	11318	60
11401	11189	1058
11401	11214	1058
11401	11242	60
11401	11422	60
11401	11400	60
11401	11474	56
11401	11406	60
11401	11470	60
11401	11317	60
11401	11286	60
11401	11333	60
11401	11423	60
11401	11635	278
11401	11649	1134
11401	11534	52
11401	11620	1696
11401	11528	4248
11401	11518	60
11401	11564	129
11401	11525	129
11401	11133	60
11401	11217	8526
11401	11127	54
11401	11128	24
11401	11334	60
11401	11365	60
11401	11299	60
11401	11299	60
11401	11372	60
11401	11417	60
11401	11466	47
11401	11412	60
11401	11443	60
11401	11351	56
11401	11393	1492
11401	11444	1209
11401	11418	1492
11401	11494	144
11401	11319	2127
11401	11354	43
11401	11331	2119
11401	11437	142
11401	11476	122
11401	11332	142
11401	11380	159
11401	11428	92
11401	11429	92
11401	22772	98
11401	11487	30
11401	11411	86
11401	11512	36
11401	11609	20
11401	11530	120
11401	11513	120
11401	11563	25
11401	11587	10
11401	11610	31
11401	11533	61
11401	11573	27
11401	11630	14
11401	11704	7
11401	11692	8
11401	11517	9
11401	11558	27
11401	11517	9
11401	11592	27
11401	11626	28
11401	11697	7
11401	11661	27
11401	11578	27
11401	11613	27
11401	11645	27
11401	11670	27
11401	22821	7
11401	11732	7
11547	11456	60
11547	11489	60
11547	11404	60
11547	11430	60
11547	11463	60
11547	11318	56
11547	11189	1058
11547	11214	1058
11547	11242	56
11547	11422	60
11547	11400	56
11547	11474	60
11547	11406	56
11547	11470	56
11547	11317	56
11547	11286	56
11547	11333	56
11547	11423	56
11547	11635	298
11547	11649	1145
11547	11534	60
11547	11620	1711
11547	11518	3886
11547	11564	22
11547	11525	54
11547	11133	54
11547	11217	7644
11547	11127	54
11547	11128	22
11547	11334	56
11547	11365	56
11547	11299	56
11547	11299	56
11547	11372	56
11547	11417	56
11547	11466	18
11547	11412	56
11547	11443	20
11547	11351	56
11547	11393	499
11547	11444	350
11547	11418	499
11547	11494	71
11547	11319	2092
11547	11354	42
11547	11331	2085
11547	11437	70
11547	11476	58
11547	11332	91
11547	11380	19
11547	11428	44
11547	11429	44
11547	22772	46
11547	11487	14
11547	11411	7
11547	11512	130
11547	11609	20
11547	11563	13
11547	11587	5
11547	11610	20
11547	11533	32
11547	11573	15
11547	11630	8
11547	11692	5
11547	11517	7
11547	11558	15
11547	11517	7
11547	11592	15
11547	11626	15
11547	11697	5
11547	11661	15
11547	11578	15
11547	11613	15
11547	11645	15
11547	11670	15
11547	22821	6
11547	11732	5
11456	11489	60
11456	11404	60
11456	11430	60
11456	11463	60
11456	11318	56
11456	11189	1058
11456	11214	1058
11456	11242	56
11456	11422	60
11456	11400	56
11456	11474	60
11456	11406	56
11456	11470	56
11456	11317	56
11456	11286	56
11456	11333	56
11456	11423	56
11456	11635	305
11456	11649	1145
11456	11534	60
11456	11620	1711
11456	11518	3886
11456	11564	22
11456	11525	22
11456	11133	54
11456	11217	21352
11456	11127	54
11456	11128	22
11456	11334	56
11456	11365	56
11456	11299	56
11456	11299	56
11456	11372	56
11456	11417	56
11456	11466	18
11456	11412	56
11456	11443	20
11456	11351	56
11456	11393	672
11456	11444	446
11456	11418	619
11456	11494	76
11456	11319	2092
11456	11354	207
11456	11331	2086
11456	11437	76
11456	11476	64
11456	11332	91
11456	11380	19
11456	11428	52
11456	11429	52
11456	22772	53
11456	11487	16
11456	11411	973
11456	11512	108
11456	11609	20
11456	11563	16
11456	11587	7
11456	11610	21
11456	11533	40
11456	11573	18
11456	11630	9
11456	11692	5
11456	11517	7
11456	11558	18
11456	11517	7
11456	11592	18
11456	11626	18
11456	11697	5
11456	11661	18
11456	11578	18
11456	11613	18
11456	11645	18
11456	11670	18
11456	22821	6
11456	11732	5
11489	11404	60
11489	11430	60
11489	11463	60
11489	11318	56
11489	11189	1058
11489	11214	1058
11489	11242	56
11489	11422	60
11489	11400	56
11489	11474	60
11489	11406	56
11489	11470	56
11489	11317	56
11489	11286	56
11489	11333	56
11489	11423	56
11489	11635	298
11489	11649	1145
11489	11534	60
11489	11620	1711
11489	11518	3886
11489	11564	22
11489	11525	22
11489	11133	54
11489	11217	7644
11489	11127	54
11489	11128	22
11489	11334	56
11489	11365	56
11489	11299	56
11489	11299	56
11489	11372	56
11489	11417	56
11489	11466	18
11489	11412	56
11489	11443	20
11489	11351	56
11489	11393	499
11489	11444	350
11489	11418	499
11489	11494	71
11489	11319	2092
11489	11354	42
11489	11331	2085
11489	11437	70
11489	11476	58
11489	11332	91
11489	11380	19
11489	11428	44
11489	11429	44
11489	22772	46
11489	11487	14
11489	11411	216
11489	11512	14
11489	11609	20
11489	11563	13
11489	11587	5
11489	11610	20
11489	11533	32
11489	11573	15
11489	11630	8
11489	11692	5
11489	11517	7
11489	11558	15
11489	11517	7
11489	11592	15
11489	11626	15
11489	11697	5
11489	11661	15
11489	11578	15
11489	11613	15
11489	11645	15
11489	11670	15
11489	22821	6
11489	11732	5
11404	11430	60
11404	11463	60
11404	11318	56
11404	11242	56
11404	11422	60
11404	11400	56
11404	11474	60
11404	11406	56
11404	11470	56
11404	11317	56
11404	11286	56
11404	11333	56
11404	11423	56
11404	11635	298
11404	11649	1145
11404	11534	60
11404	11620	1711
11404	11518	3886
11404	11564	22
11404	11525	122
11404	11133	54
11404	11217	7644
11404	11127	54
11404	11128	22
11404	11334	56
11404	11365	148
11404	11299	56
11404	11299	56
11404	11372	56
11404	11417	56
11404	11466	18
11404	11412	56
11404	11443	20
11404	11351	56
11404	11393	672
11404	11444	446
11404	11418	619
11404	11494	76
11404	11319	2092
11404	11354	42
11404	11331	2086
11404	11437	76
11404	11476	64
11404	11332	91
11404	11380	19
11404	11428	52
11404	11429	52
11404	22772	53
11404	11487	16
11404	11411	143
11404	11512	136
11404	11609	20
11404	11563	16
11404	11587	7
11404	11610	21
11404	11533	40
11404	11573	18
11404	11630	9
11404	11692	5
11404	11517	7
11404	11558	18
11404	11517	7
11404	11592	18
11404	11626	18
11404	11697	5
11404	11661	18
11404	11578	18
11404	11613	18
11404	11645	18
11404	11670	18
11404	22821	6
11404	11732	5
11430	11463	60
11430	11318	60
11430	11189	1058
11430	11214	1058
11430	11242	60
11430	11422	60
11430	11400	60
11430	11474	60
11430	11406	60
11430	11470	56
11430	11317	60
11430	11286	60
11430	11333	60
11430	11423	60
11430	11635	298
11430	11649	1143
11430	11534	60
11430	11620	1711
11430	11518	56
11430	11564	131
11430	11525	131
11430	11133	60
11430	11217	8526
11430	11127	54
11430	11128	24
11430	11334	60
11430	11365	60
11430	11299	60
11430	11299	60
11430	11372	60
11430	11417	60
11430	11466	38
11430	11412	60
11430	11443	60
11430	11351	56
11430	11393	1492
11430	11444	756
11430	11418	1492
11430	11494	144
11430	11319	2093
11430	11354	43
11430	11331	2086
11430	11437	140
11430	11476	120
11430	11332	142
11430	11380	136
11430	11428	92
11430	11429	92
11430	22772	96
11430	11487	29
11430	11411	47
11430	11512	166
11430	11609	20
11430	11530	117
11430	11513	117
11430	11563	25
11430	11587	10
11430	11610	31
11430	11533	60
11430	11573	27
11430	11630	14
11430	11704	7
11430	11692	7
11430	11517	7
11430	11558	27
11430	11517	7
11430	11592	26
11430	11626	28
11430	11697	7
11430	11661	26
11430	11578	26
11430	11613	26
11430	11645	27
11430	11670	27
11430	22821	7
11430	11732	7
11463	11318	56
11463	11189	1058
11463	11214	1058
11463	11242	56
11463	11422	60
11463	11400	56
11463	11474	60
11463	11406	56
11463	11470	56
11463	11317	56
11463	11286	56
11463	11333	56
11463	11423	56
11463	11635	298
11463	11649	1145
11463	11534	60
11463	11620	1711
11463	11528	2
11463	11518	3886
11463	11564	22
11463	11525	22
11463	11133	54
11463	11217	7644
11463	11127	54
11463	11128	22
11463	11334	56
11463	11365	148
11463	11299	56
11463	11299	56
11463	11372	56
11463	11417	56
11463	11466	18
11463	11412	56
11463	11443	20
11463	11351	56
11463	11393	672
11463	11444	446
11463	11418	619
11463	11494	76
11463	11319	2092
11463	11354	425
11463	11331	2086
11463	11437	76
11463	11476	64
11463	11332	125
11463	11380	19
11463	11428	52
11463	11429	52
11463	22772	53
11463	11487	16
11463	11411	1367
11463	11512	802
11463	11609	20
11463	11513	5
11463	11563	16
11463	11587	7
11463	11610	21
11463	11533	40
11463	11573	18
11463	11630	9
11463	11692	5
11463	11517	7
11463	11558	18
11463	11517	7
11463	11592	18
11463	11626	18
11463	11697	5
11463	11661	18
11463	11578	18
11463	11613	18
11463	11645	18
11463	11670	18
11463	22821	6
11463	11732	5
11318	11189	38
11318	11214	38
11318	11242	60
11318	11422	60
11318	11400	60
11318	11474	56
11318	11406	60
11318	11470	60
11318	11317	60
11318	11286	60
11318	11333	60
11318	11423	60
11318	11635	278
11318	11649	1130
11318	11534	114
11318	11620	1696
11318	11528	582
11318	11518	18
11318	11133	60
11318	11217	8524
11318	11127	54
11318	11128	24
11318	11334	60
11318	11365	60
11318	11299	60
11318	11299	60
11318	11372	60
11318	11417	60
11318	11466	60
11318	11412	60
11318	11443	60
11318	11351	56
11318	11393	1494
11318	11444	1324
11318	11418	1494
11318	11494	158
11318	11319	2134
11318	11354	206
11318	11331	2127
11318	11437	157
11318	11476	140
11318	11332	146
11318	11380	220
11318	11428	100
11318	11429	100
11318	22772	106
11318	11487	32
11318	11411	625
11318	11512	52
11318	11556	112
11318	11552	112
11318	11538	128
11318	11577	60
11318	11609	338
11318	11530	134
11318	11513	134
11318	11563	25
11318	11587	10
11318	11663	24
11318	11610	25
11318	11688	24
11318	11533	64
11318	11573	28
11318	11630	14
11318	11704	7
11318	11692	8
11318	11517	11
11318	11558	28
11318	11517	11
11318	11592	28
11318	11626	29
11318	11697	7
11318	11661	28
11318	11578	28
11318	11613	28
11318	11645	27
11318	11670	28
11318	22821	7
11318	11732	7
11189	11214	740
11189	11242	2050
11189	11422	1058
11189	11400	1058
11189	11474	586
11189	11406	1058
11189	11470	477
11189	11317	578
11189	11286	482
11189	11333	43
11189	11423	478
11189	11591	36
11189	11217	6
11189	11334	43
11189	11365	17784
11189	11299	6
11189	11299	6
11189	11372	6
11189	11417	478
11189	11466	478
11189	11412	478
11189	11351	6
11189	11418	176
11189	11319	9
11189	11354	6
11189	11331	9
11189	11437	15
11189	11332	14
11189	11380	4
11189	11428	5
11189	11429	5
11189	22772	6
11189	11411	840
11189	11512	473
11189	11552	6
11189	11513	179
11189	11563	4
11189	11587	2
11189	11663	9
11189	11533	43
11189	11573	23
11189	11630	1
11189	11517	3
11189	11558	3
11189	11517	3
11189	11592	3
11189	11626	3
11189	11661	3
11189	11578	3
11189	11613	50
11189	11645	3
11189	11670	3
11214	11242	104
11214	11422	1058
11214	11400	1058
11214	11474	586
11214	11406	1058
11214	11470	477
11214	11317	110
11214	11286	254
11214	11333	30
11214	11423	478
11214	11217	6
11214	11334	30
11214	11365	1058
11214	11299	6
11214	11299	6
11214	11372	6
11214	11417	478
11214	11466	478
11214	11412	478
11214	11351	6
11214	11319	9
11214	11354	6
11214	11331	9
11214	11437	4
11214	11332	14
11214	11380	4
11214	11428	5
11214	11429	5
11214	22772	6
11214	11411	141
11214	11512	473
11214	11552	6
11214	11563	4
11214	11587	2
11214	11533	4
11214	11573	2
11214	11630	1
11214	11517	3
11214	11558	3
11214	11517	3
11214	11592	3
11214	11626	3
11214	11661	3
11214	11578	3
11214	11613	3
11214	11645	3
11214	11670	3
11242	11422	60
11242	11400	60
11242	11474	56
11242	11406	60
11242	11470	60
11242	11317	60
11242	11286	60
11242	11333	60
11242	11423	60
11242	11635	3
11242	11649	221
11242	11534	15
11242	11620	218
11242	11518	16
11242	11217	1340
11242	11334	60
11242	11365	60
11242	11299	60
11242	11299	60
11242	11372	60
11242	11417	60
11242	11466	60
11242	11412	60
11242	11443	60
11242	11351	56
11242	11393	1494
11242	11444	1324
11242	11418	1494
11242	11494	158
11242	11319	2134
11242	11354	46
11242	11331	2127
11242	11437	157
11242	11476	140
11242	11332	146
11242	11380	220
11242	11428	100
11242	11429	100
11242	22772	106
11242	11487	32
11242	11411	157
11242	11512	52
11242	11556	112
11242	11552	112
11242	11538	128
11242	11577	60
11242	11609	338
11242	11530	134
11242	11513	134
11242	11563	25
11242	11587	10
11242	11663	24
11242	11610	25
11242	11688	24
11242	11533	64
11242	11573	28
11242	11630	14
11242	11704	7
11242	11692	8
11242	11517	11
11242	11558	28
11242	11517	11
11242	11592	28
11242	11626	29
11242	11697	7
11242	11661	28
11242	11578	28
11242	11613	28
11242	11645	27
11242	11670	28
11242	22821	7
11242	11732	7
11422	11400	60
11422	11474	60
11422	11406	60
11422	11470	60
11422	11317	60
11422	11286	60
11422	11333	60
11422	11423	60
11422	11635	298
11422	11649	1143
11422	11534	60
11422	11620	1711
11422	11518	56
11422	11564	130
11422	11525	130
11422	11133	60
11422	11217	8526
11422	11127	54
11422	11128	24
11422	11334	60
11422	11365	60
11422	11299	60
11422	11299	60
11422	11372	60
11422	11417	60
11422	11466	47
11422	11412	60
11422	11443	60
11422	11351	56
11422	11393	1492
11422	11444	756
11422	11418	1492
11422	11494	144
11422	11319	2093
11422	11354	209
11422	11331	2086
11422	11437	142
11422	11476	122
11422	11332	283
11422	11380	137
11422	11428	92
11422	11429	92
11422	22772	97
11422	11487	30
11422	11411	102
11422	11512	34
11422	11556	3
11422	11609	20
11422	11530	120
11422	11513	120
11422	11563	25
11422	11587	10
11422	11610	31
11422	11533	60
11422	11573	27
11422	11630	14
11422	11704	7
11422	11692	7
11422	11517	9
11422	11558	27
11422	11517	9
11422	11592	26
11422	11626	28
11422	11697	7
11422	11661	26
11422	11578	26
11422	11613	26
11422	11645	27
11422	11670	27
11422	22821	7
11422	11732	7
11400	11474	56
11400	11406	60
11400	11470	60
11400	11317	60
11400	11286	60
11400	11333	60
11400	11423	60
11400	11635	278
11400	11649	1134
11400	11534	52
11400	11620	1696
11400	11528	4248
11400	11518	60
11400	11564	129
11400	11525	129
11400	11133	60
11400	11217	8526
11400	11127	54
11400	11128	24
11400	11334	60
11400	11365	60
11400	11299	60
11400	11299	60
11400	11372	60
11400	11417	60
11400	11466	47
11400	11412	60
11400	11443	150
11400	11351	56
11400	11393	1492
11400	11444	7096
11400	11418	1492
11400	11494	144
11400	11319	2127
11400	11354	43
11400	11331	2119
11400	11437	142
11400	11476	122
11400	11332	681
11400	11380	159
11400	11428	92
11400	11429	92
11400	22772	98
11400	11487	30
11400	11411	1668
11400	11512	111
11400	11556	5
11400	11609	20
11400	11530	120
11400	11513	120
11400	11563	25
11400	11587	10
11400	11610	31
11400	11533	61
11400	11573	27
11400	11630	14
11400	11704	7
11400	11692	8
11400	11517	9
11400	11558	27
11400	11517	9
11400	11592	27
11400	11626	28
11400	11697	7
11400	11661	27
11400	11578	214
11400	11613	27
11400	11645	27
11400	11670	27
11400	22821	7
11400	11732	7
11474	11406	56
11474	11470	56
11474	11317	56
11474	11286	56
11474	11333	56
11474	11423	56
11474	11635	298
11474	11649	1145
11474	11534	60
11474	11620	1711
11474	11518	3314
11474	11564	23
11474	11525	23
11474	11133	54
11474	11217	7644
11474	11127	54
11474	11128	16
11474	11334	56
11474	11365	148
11474	11299	56
11474	11299	56
11474	11372	56
11474	11417	56
11474	11466	14
11474	11412	56
11474	11443	24
11474	11351	56
11474	11393	174
11474	11444	113
11474	11418	174
11474	11494	26
11474	11319	1261
11474	11354	29
11474	11331	1255
11474	11437	26
11474	11476	22
11474	11332	26
11474	11380	271
11474	11428	21
11474	11429	21
11474	22772	22
11474	11487	10
11474	11411	1436
11474	11512	12
11474	11609	20
11474	11563	11
11474	11587	6
11474	11610	20
11474	11533	19
11474	11573	11
11474	11630	8
11474	11692	6
11474	11517	23
11474	11558	11
11474	11517	23
11474	11592	11
11474	11626	12
11474	11697	5
11474	11661	11
11474	11578	11
11474	11613	11
11474	11645	11
11474	11670	12
11474	22821	6
11474	11732	5
11406	11470	60
11406	11317	60
11406	11286	60
11406	11333	60
11406	11423	60
11406	11635	278
11406	11649	1132
11406	11534	52
11406	11620	1696
11406	11528	4210
11406	11518	60
11406	11564	127
11406	11525	127
11406	11133	150
11406	11217	8524
11406	11127	54
11406	11128	24
11406	11334	60
11406	11365	60
11406	11299	60
11406	11299	60
11406	11372	60
11406	11417	60
11406	11466	60
11406	11412	60
11406	11443	60
11406	11351	56
11406	11393	1494
11406	11444	1324
11406	11418	1494
11406	11494	156
11406	11319	2134
11406	11354	46
11406	11331	2127
11406	11437	155
11406	11476	138
11406	11332	146
11406	11380	220
11406	11428	100
11406	11429	100
11406	22772	106
11406	11487	32
11406	11411	9
11406	11512	52
11406	11556	102
11406	11552	104
11406	11538	127
11406	11577	59
11406	11609	2
11406	11530	131
11406	11513	131
11406	11563	26
11406	11587	10
11406	11663	25
11406	11610	29
11406	11688	24
11406	11533	64
11406	11573	28
11406	11630	15
11406	11704	7
11406	11692	9
11406	11517	11
11406	11558	28
11406	11517	11
11406	11592	28
11406	11626	29
11406	11697	7
11406	11661	28
11406	11578	28
11406	11613	28
11406	11645	28
11406	11670	28
11406	22821	7
11406	11732	7
11470	11317	60
11470	11286	60
11470	11333	60
11470	11423	16
11470	11635	499
11470	11649	971
11470	11561	1
11470	11534	1176
11470	11591	33
11470	11620	809
11470	11528	4248
11470	11518	60
11470	11564	129
11470	11525	129
11470	11133	60
11470	11217	8526
11470	11127	54
11470	11128	24
11470	11334	60
11470	11365	240
11470	11299	60
11470	11299	150
11470	11372	60
11470	11417	21
11470	11466	45
11470	11412	21
11470	11443	20
11470	11351	54
11470	11393	301
11470	11444	2166
11470	11418	301
11470	11494	23
11470	11319	237
11470	11354	290
11470	11331	235
11470	11437	24
11470	11476	99
11470	11332	727
11470	11380	74
11470	11428	19
11470	11429	19
11470	22772	20
11470	11487	94
11470	11411	5526
11470	11512	778
11470	11556	2
11470	11609	19
11470	11513	3
11470	11563	11
11470	11587	6
11470	11610	19
11470	11533	19
11470	11573	11
11470	11630	7
11470	11692	4
11470	11517	21
11470	11558	11
11470	11517	21
11470	11592	11
11470	11626	11
11470	11697	4
11470	11661	11
11470	11578	11
11470	11613	11
11470	11645	11
11470	11670	11
11470	22821	5
11470	11732	4
11317	11286	60
11317	11333	60
11317	11423	60
11317	11635	3
11317	11649	221
11317	11534	15
11317	11620	218
11317	11518	16
11317	11133	60
11317	11217	8524
11317	11127	54
11317	11128	24
11317	11334	60
11317	11365	60
11317	11299	60
11317	11299	60
11317	11372	60
11317	11417	60
11317	11466	60
11317	11412	60
11317	11443	60
11317	11351	56
11317	11393	1494
11317	11444	1324
11317	11418	1494
11317	11494	158
11317	11319	2134
11317	11354	46
11317	11331	2127
11317	11437	157
11317	11476	140
11317	11332	146
11317	11380	220
11317	11428	100
11317	11429	100
11317	22772	106
11317	11487	32
11317	11411	393
11317	11512	52
11317	11556	112
11317	11552	112
11317	11538	128
11317	11577	60
11317	11609	338
11317	11530	134
11317	11513	134
11317	11563	25
11317	11587	10
11317	11663	24
11317	11610	25
11317	11688	24
11317	11533	64
11317	11573	28
11317	11630	14
11317	11704	7
11317	11692	8
11317	11517	11
11317	11558	28
11317	11517	11
11317	11592	28
11317	11626	29
11317	11697	7
11317	11661	28
11317	11578	28
11317	11613	28
11317	11645	27
11317	11670	28
11317	22821	7
11317	11732	7
11286	11333	60
11286	11423	60
11286	11635	3
11286	11649	221
11286	11534	15
11286	11620	218
11286	11518	16
11286	11133	5030
11286	11217	1340
11286	11127	4858
11286	11128	2
11286	11334	60
11286	11365	60
11286	11299	60
11286	11299	60
11286	11372	60
11286	11417	60
11286	11466	60
11286	11412	60
11286	11443	60
11286	11351	56
11286	11393	1494
11286	11444	1324
11286	11418	1494
11286	11494	158
11286	11319	2134
11286	11354	46
11286	11331	2127
11286	11437	157
11286	11476	140
11286	11332	146
11286	11380	220
11286	11428	100
11286	11429	100
11286	22772	106
11286	11487	32
11286	11411	115
11286	11512	52
11286	11556	112
11286	11552	112
11286	11538	128
11286	11577	60
11286	11609	338
11286	11530	134
11286	11513	134
11286	11563	25
11286	11587	10
11286	11663	24
11286	11610	25
11286	11688	24
11286	11533	64
11286	11573	28
11286	11630	14
11286	11704	7
11286	11692	8
11286	11517	11
11286	11558	28
11286	11517	11
11286	11592	28
11286	11626	29
11286	11697	7
11286	11661	28
11286	11578	28
11286	11613	28
11286	11645	27
11286	11670	28
11286	22821	7
11286	11732	7
11333	11423	60
11333	11635	3
11333	11649	221
11333	11534	15
11333	11620	218
11333	11518	16
11333	11133	60
11333	11217	8524
11333	11127	54
11333	11128	24
11333	11334	60
11333	11365	240
11333	11299	60
11333	11299	60
11333	11372	60
11333	11417	60
11333	11466	60
11333	11412	150
11333	11443	60
11333	11351	56
11333	11393	1494
11333	11444	1324
11333	11418	1494
11333	11494	158
11333	11319	2134
11333	11354	46
11333	11331	2127
11333	11437	157
11333	11476	140
11333	11332	146
11333	11380	377
11333	11428	100
11333	11429	100
11333	22772	106
11333	11487	32
11333	11411	324
11333	11512	210
11333	11556	112
11333	11552	594
11333	11538	128
11333	11577	60
11333	11609	338
11333	11530	134
11333	11513	134
11333	11563	25
11333	11587	10
11333	11663	24
11333	11610	25
11333	11688	24
11333	11533	64
11333	11573	28
11333	11630	14
11333	11704	7
11333	11692	8
11333	11517	11
11333	11558	28
11333	11517	11
11333	11592	28
11333	11626	29
11333	11697	7
11333	11661	28
11333	11578	28
11333	11613	28
11333	11645	27
11333	11670	28
11333	22821	7
11333	11732	7
11423	11635	12
11423	11649	12
11423	11534	14
11423	11518	16
11423	11525	8
11423	11133	60
11423	11217	8524
11423	11127	54
11423	11128	24
11423	11334	60
11423	11365	60
11423	11299	60
11423	11299	60
11423	11372	60
11423	11417	60
11423	11466	60
11423	11412	60
11423	11443	60
11423	11351	56
11423	11393	1494
11423	11444	768
11423	11418	1494
11423	11494	162
11423	11319	2136
11423	11354	44
11423	11331	2130
11423	11437	152
11423	11476	138
11423	11332	146
11423	11380	220
11423	11428	98
11423	11429	98
11423	22772	104
11423	11487	30
11423	11411	173
11423	11512	60
11423	11556	112
11423	11552	112
11423	11538	126
11423	11577	61
11423	11609	338
11423	11530	133
11423	11513	133
11423	11563	25
11423	11587	10
11423	11663	23
11423	11610	25
11423	11533	62
11423	11573	28
11423	11630	14
11423	11704	7
11423	11692	8
11423	11517	11
11423	11558	28
11423	11517	11
11423	11592	28
11423	11626	29
11423	11697	7
11423	11661	28
11423	11578	28
11423	11613	28
11423	11645	28
11423	11670	28
11423	22821	7
11423	11732	7
11635	11649	16
11635	11561	4714
11635	11534	298
11635	11528	2
11635	11518	499
11635	11564	30
11635	11525	30
11635	11133	3
11635	11217	122
11635	11127	3
11635	11128	3
11635	11334	3
11635	11365	3
11635	11299	3
11635	11299	3
11635	11372	3
11635	11417	13
11635	11466	12
11635	11412	60
11635	11443	49
11635	11312	849
11635	11351	3
11635	11393	140
11635	11444	144
11635	11418	141
11635	11494	40
11635	11218	863
11635	11319	356
11635	11354	44
11635	11331	354
11635	11437	39
11635	11476	33
11635	11332	98
11635	11380	69
11635	11428	31
11635	11429	31
11635	22772	33
11635	11487	16
11635	11411	1662
11635	11512	36
11635	11609	161
11635	11563	52
11635	11587	121
11635	11533	26
11635	11573	15
11635	11630	10
11635	11517	33
11635	11558	15
11635	11517	33
11635	11592	21
11635	11626	17
11649	11561	46252
11649	11534	1145
11649	11591	3840
11649	11620	3840
11649	11528	56
11649	11518	971
11649	11564	46
11649	11525	46
11649	11133	221
11649	11217	594
11649	11127	226
11649	11128	228
11649	11334	221
11649	11365	611
11649	11299	219
11649	11299	219
11649	11372	221
11649	11417	14
11649	11466	12
11649	11412	14
11649	11443	14
11649	11312	4720
11649	11351	223
11649	11393	683
11649	11444	155
11649	11418	151
11649	11494	41
11649	11218	4795
11649	11319	362
11649	11354	53
11649	11331	360
11649	11437	39
11649	11476	34
11649	11332	105
11649	11380	72
11649	11428	34
11649	11429	34
11649	22772	171
11649	11487	19
11649	11411	2621
11649	11512	12
11649	11609	197
11649	11563	69
11649	11587	164
11649	11533	20
11649	11573	10
11649	11630	20
11649	11517	19
11649	11558	10
11649	11517	19
11649	11592	54
11649	11626	47
11561	11591	56
11561	11620	56
11561	11518	1
11561	11564	5
11561	11525	5
11561	11217	2
11561	11393	38
11561	11444	42
11561	11418	38
11561	11494	36
11561	11319	94
11561	11354	50
11561	11331	467
11561	11437	35
11561	11476	29
11561	11332	29
11561	11380	29
11561	11428	28
11561	11429	28
11561	22772	29
11561	11487	14
11561	11411	495
11561	11512	6
11561	11609	37
11561	11563	14
11561	11587	8
11561	11610	37
11561	11533	25
11561	11573	14
11561	11630	10
11561	11692	7
11561	11517	30
11561	11558	14
11561	11517	30
11561	11592	15
11561	11626	15
11561	11661	15
11561	11578	15
11561	11613	15
11561	11645	15
11561	11670	15
11534	11620	1711
11534	11518	918
11534	11564	23
11534	11525	23
11534	11133	15
11534	11217	680
11534	11127	12
11534	11128	5
11534	11334	15
11534	11365	1052
11534	11299	15
11534	11299	15
11534	11372	15
11534	11417	17
11534	11466	533
11534	11412	31
11534	11443	61
11534	11312	1
11534	11351	14
11534	11393	529
11534	11444	515
11534	11418	899
11534	11494	24
11534	11319	161
11534	11354	188
11534	11331	160
11534	11437	22
11534	11476	98
11534	11332	50
11534	11380	46
11534	11428	18
11534	11429	18
11534	22772	19
11534	11487	10
11534	11411	16537
11534	11512	686
11534	11556	2
11534	11552	3
11534	11538	5
11534	11609	19
11534	11513	3
11534	11563	10
11534	11587	25
11534	11610	612
11534	11533	222
11534	11573	55
11534	11630	7
11534	11692	4
11534	11517	21
11534	11558	11
11534	11517	109
11534	11592	11
11534	11626	11
11534	11697	4
11534	11661	11
11534	11578	11
11534	11613	11
11534	11645	11
11534	11670	11
11534	22821	5
11534	11732	4
11591	11620	60
11591	11518	33
11591	11564	21
11591	11525	21
11591	11217	30
11591	11393	39
11591	11444	43
11591	11418	39
11591	11494	37
11591	11319	96
11591	11354	51
11591	11331	94
11591	11437	35
11591	11476	30
11591	11332	29
11591	11380	30
11591	11428	29
11591	11429	29
11591	22772	68
11591	11487	15
11591	11411	1869
11591	11512	13
11591	11609	138
11591	11563	59
11591	11587	141
11591	11533	20
11591	11573	11
11591	11630	1002
11591	11517	31
11591	11558	11
11591	11517	31
11591	11592	112
11620	11528	243
11620	11518	809
11620	11564	239
11620	11525	239
11620	11133	279
11620	11217	2022
11620	11127	360
11620	11128	403
11620	11334	218
11620	11365	6567
11620	11299	240
11620	11299	240
11620	11372	227
11620	11312	53
11620	11351	316
11620	11393	41
11620	11444	45
11620	11418	41
11620	11494	39
11620	11319	99
11620	11354	53
11620	11331	97
11620	11437	37
11620	11476	31
11620	11332	30
11620	11380	32
11620	11428	30
11620	11429	30
11620	22772	31
11620	11487	16
11620	11411	932
11620	11609	138
11620	11563	59
11620	11587	141
11620	11533	22
11620	11573	11
11620	11517	32
11620	11558	11
11620	11517	32
11528	11518	4248
11528	11564	243
11528	11525	243
11528	11365	28
11528	11466	9
11528	11412	2
11528	11393	24
11528	11444	28
11528	11418	24
11528	11494	22
11528	11218	1
11528	11319	69
11528	11354	344
11528	11331	69
11528	11437	23
11528	11476	20
11528	11332	20
11528	11380	42
11528	11428	19
11528	11429	19
11528	22772	20
11528	11487	10
11528	11411	3208
11528	11512	38
11528	11556	2
11528	11538	3
11528	11609	20
11528	11563	11
11528	11587	6
11528	11610	20
11528	11533	19
11528	11573	11
11528	11630	7
11528	11692	4
11528	11517	21
11528	11558	11
11528	11517	21
11528	11592	11
11528	11626	11
11528	11697	4
11528	11661	11
11528	11578	11
11528	11613	11
11528	11645	11
11528	11670	11
11528	22821	5
11528	11732	4
11518	11564	129
11518	11525	129
11518	11133	16
11518	11217	16
11518	11127	16
11518	11128	7
11518	11334	16
11518	11365	531
11518	11299	16
11518	11299	16
11518	11372	16
11518	11417	21
11518	11466	200
11518	11412	64
11518	11443	16
11518	11312	4
11518	11351	15
11518	11393	978
11518	11444	2160
11518	11418	837
11518	11494	22
11518	11218	3
11518	11319	159
11518	11354	36
11518	11331	158
11518	11437	113
11518	11476	18
11518	11332	49
11518	11380	46
11518	11428	18
11518	11429	18
11518	22772	19
11518	11487	53
11518	11411	3373
11518	11512	1202
11518	11609	19
11518	11513	2
11518	11563	10
11518	11587	6
11518	11610	19
11518	11533	18
11518	11573	10
11518	11630	7
11518	11692	4
11518	11517	21
11518	11558	10
11518	11517	21
11518	11592	11
11518	11626	11
11518	11697	4
11518	11661	11
11518	11578	11
11518	11613	11
11518	11645	11
11518	11670	11
11518	22821	5
11518	11732	4
11564	11525	60
11564	11365	150
11564	11466	48
11564	11412	14
11564	11312	12
11564	11393	43
11564	11444	428
11564	11418	43
11564	11494	36
11564	11319	100
11564	11354	506
11564	11331	100
11564	11437	37
11564	11476	31
11564	11332	30
11564	11380	32
11564	11428	30
11564	11429	30
11564	22772	32
11564	11487	16
11564	11411	3272
11564	11512	464
11564	11556	7
11564	11609	47
11564	11513	10
11564	11563	186
11564	11587	8
11564	11610	47
11564	11533	26
11564	11573	15
11564	11630	10
11564	11692	7
11564	11517	32
11564	11558	15
11564	11517	32
11564	11592	15
11564	11626	15
11564	11697	6
11564	11661	15
11564	11578	15
11564	11613	15
11564	11645	15
11564	11670	15
11564	22821	7
11564	11732	6
11525	11365	540
11525	11372	9
11525	11466	34
11525	11412	23
11525	11443	8
11525	11393	43
11525	11444	836
11525	11418	233
11525	11494	36
11525	11319	100
11525	11354	267
11525	11331	100
11525	11437	37
11525	11476	31
11525	11332	30
11525	11380	323
11525	11428	30
11525	11429	30
11525	22772	32
11525	11487	311
11525	11411	4302
11525	11512	2199
11525	11556	26
11525	11609	47
11525	11563	15
11525	11587	8
11525	11610	47
11525	11533	428
11525	11573	15
11525	11630	10
11525	11692	7
11525	11517	32
11525	11558	15
11525	11517	32
11525	11592	15
11525	11626	15
11525	11697	6
11525	11661	15
11525	11578	15
11525	11613	15
11525	11645	15
11525	11670	15
11525	22821	7
11525	11732	6
11133	11217	60
11133	11127	60
11133	11128	60
11133	11334	60
11133	11365	150
11133	11299	60
11133	11299	60
11133	11372	60
11133	11417	60
11133	11466	60
11133	11412	60
11133	11443	60
11133	11351	54
11133	11393	1024
11133	11444	843
11133	11418	1022
11133	11494	100
11133	11218	60
11133	11319	1945
11133	11354	129
11133	11331	56
11133	11437	83
11133	11476	12
11133	11332	488
11133	11380	36
11133	11428	8
11133	11429	8
11133	22772	9
11133	11411	208608
11133	11512	42
11133	11556	138
11133	11552	118
11133	11538	100
11133	11577	50
11133	11609	20
11133	11530	101
11133	11513	568
11133	11563	4
11133	11663	6
11133	11610	6
11133	11688	6
11133	11533	126
11133	11573	15
11133	11704	7
11133	11517	1532
11133	11558	1592
11133	11517	1532
11133	11592	1584
11133	11626	1626
11133	11661	1584
11133	11578	1584
11133	11613	1584
11133	11645	1592
11133	11670	1590
11217	11127	60
11217	11128	60
11217	11334	8524
11217	11365	8524
11217	11299	8522
11217	11299	8522
11217	11372	8522
11217	11417	6908
11217	11466	6928
11217	11412	6920
11217	11443	6948
11217	11351	5990
11217	11393	1101
11217	11444	906
11217	11418	10780
11217	11494	110
11217	11218	56
11217	11319	2016
11217	11354	13
11217	11331	2016
11217	11437	8
11217	11476	2
11217	11332	97
11217	11380	109
11217	11428	9
11217	11429	9
11217	22772	10
11217	11487	24
11217	11411	254
11217	11512	11090
11217	11556	1156
11217	11552	1076
11217	11538	102
11217	11577	503
11217	11609	11
11217	11530	105
11217	11513	552
11217	11563	4
11217	11663	6
11217	11610	6
11217	11688	6
11217	11533	141
11217	11573	3
11217	11517	2
11217	11558	2
11217	11517	2
11217	11592	2
11217	11626	2
11217	11661	2
11217	11578	2
11217	11613	2
11217	11645	2
11217	11670	2
11127	11128	60
11127	11334	54
11127	11365	54
11127	11299	60
11127	11299	60
11127	11372	54
11127	11417	54
11127	11466	42
11127	11412	54
11127	11443	54
11127	11312	60
11127	11351	54
11127	11444	503
11127	11494	98
11127	11218	60
11127	11319	56
11127	11354	13
11127	11331	56
11127	11437	17002
11127	11332	220
11127	11380	48
11127	11428	1934
11127	11429	1934
11127	22772	7222
11127	11487	696
11127	11411	8660
11127	11512	30
11127	11556	154
11127	11552	130
11127	11538	111
11127	11577	59
11127	11609	10
11127	11530	109
11127	11563	358
11127	11587	26
11127	11663	8
11127	11610	10
11127	11688	10
11127	11533	498
11127	11573	52
11127	11630	19
11127	11517	1370
11127	11558	1514
11127	11517	1370
11127	11592	1526
11127	11626	1544
11127	11661	1526
11127	11578	1526
11127	11613	1526
11127	11645	1532
11127	11670	1548
11127	11732	1546
11128	11334	24
11128	11365	24
11128	11299	60
11128	11299	60
11128	11372	22
11128	11417	24
11128	11466	22
11128	11412	24
11128	11443	334
11128	11312	60
11128	11351	22
11128	11462	416
11128	11501	1450
11128	11218	60
11128	11319	56
11128	11354	11
11128	11331	56
11128	11437	16250
11128	11332	50
11128	11380	48
11128	11428	1964
11128	11429	1964
11128	22772	7170
11128	11487	754
11128	11411	1332
11128	11512	22
11128	11556	160
11128	11609	10
11128	11563	372
11128	11587	27
11128	11663	8
11128	11610	10
11128	11688	10
11128	11533	513
11128	11573	53
11128	11630	10
11128	11517	1324
11128	11558	1518
11128	11517	1324
11128	11592	1524
11128	11626	1548
11128	11661	1524
11128	11578	1524
11128	11613	1524
11128	11645	1532
11128	11670	1548
11128	11732	1546
11334	11365	60
11334	11299	60
11334	11299	60
11334	11372	60
11334	11417	60
11334	11466	60
11334	11412	60
11334	11443	60
11334	11351	56
11334	11393	1494
11334	11444	1324
11334	11418	1494
11334	11494	158
11334	11319	2134
11334	11354	46
11334	11331	2127
11334	11437	157
11334	11476	140
11334	11332	146
11334	11380	220
11334	11428	100
11334	11429	100
11334	22772	106
11334	11487	32
11334	11411	168
11334	11512	52
11334	11556	112
11334	11552	112
11334	11538	128
11334	11577	60
11334	11609	338
11334	11530	134
11334	11513	134
11334	11563	25
11334	11587	10
11334	11663	24
11334	11610	25
11334	11688	24
11334	11533	64
11334	11573	28
11334	11630	14
11334	11704	7
11334	11692	8
11334	11517	11
11334	11558	28
11334	11517	11
11334	11592	28
11334	11626	29
11334	11697	7
11334	11661	28
11334	11578	28
11334	11613	28
11334	11645	27
11334	11670	28
11334	22821	7
11334	11732	7
11365	11299	60
11365	11299	60
11365	11372	60
11365	11417	60
11365	11466	60
11365	11412	60
11365	11443	60
11365	11351	56
11365	11393	1494
11365	11444	1324
11365	11418	13924
11365	11494	158
11365	11319	7743
11365	11354	24430
11365	11331	51460
11365	11437	5076
11365	11476	4539
11365	11332	6765
11365	11380	5463
11365	11428	100
11365	11429	100
11365	22772	106
11365	11487	32
11365	11411	41166
11365	11512	5040
11365	11556	112
11365	11552	112
11365	11538	128
11365	11577	60
11365	11609	338
11365	11530	134
11365	11513	4135
11365	11563	737
11365	11587	10
11365	11663	24
11365	11610	3142
11365	11688	24
11365	11533	3934
11365	11573	28
11365	11630	330
11365	11704	144
11365	11692	8
11365	11517	122
11365	11558	59
11365	11517	69
11365	11592	28
11365	11626	540
11365	11697	7
11365	11661	28
11365	11578	518
11365	11613	28
11365	11645	27
11365	11670	716
11365	22821	7
11365	11732	7
11299	11299	60
11299	11372	60
11299	11417	60
11299	11466	60
11299	11412	60
11299	11443	60
11299	11351	56
11299	11393	1041
11299	11444	859
11299	11418	1041
11299	11494	117
11299	11319	1775
11299	11354	429
11299	11331	4192
11299	11437	8
11299	11476	2
11299	11332	249
11299	11380	75
11299	11428	8
11299	11429	8
11299	22772	10
11299	11411	972
11299	11512	42
11299	11556	138
11299	11552	112
11299	11538	101
11299	11577	53
11299	11609	51
11299	11530	106
11299	11513	109
11299	11563	4
11299	11663	6
11299	11610	6
11299	11688	6
11299	11533	9
11299	11573	2
11299	11517	2
11299	11558	2
11299	11517	2
11299	11592	2
11299	11626	2
11299	11661	2
11299	11578	2
11299	11613	2
11299	11645	2
11299	11670	39
11299	11372	60
11299	11417	60
11299	11466	60
11299	11412	60
11299	11443	60
11299	11351	56
11299	11393	1041
11299	11444	859
11299	11418	1041
11299	11494	117
11299	11319	1775
11299	11354	1170
11299	11331	1798
11299	11437	8
11299	11476	2
11299	11332	546
11299	11380	256
11299	11428	8
11299	11429	8
11299	22772	10
11299	11411	1005
11299	11512	42
11299	11556	138
11299	11552	112
11299	11538	101
11299	11577	53
11299	11609	51
11299	11530	106
11299	11513	109
11299	11563	4
11299	11663	6
11299	11610	6
11299	11688	6
11299	11533	138
11299	11573	2
11299	11692	5
11299	11517	2
11299	11558	2
11299	11517	2
11299	11592	2
11299	11626	2
11299	11661	2
11299	11578	2
11299	11613	6
11299	11645	2
11299	11670	2
11372	11417	60
11372	11466	60
11372	11412	60
11372	11443	56
11372	11312	30
11372	11351	60
11372	11393	54
11372	11444	128
11372	11418	244
11372	11494	1566
11372	11218	18
11372	11319	2131
11372	11354	977
11372	11331	2120
11372	11437	19
11372	11476	2
11372	11332	663
11372	11380	545
11372	11428	22
11372	11429	22
11372	22772	25
11372	11487	2
11372	11411	953
11372	11512	104
11372	11556	124
11372	11552	112
11372	11538	618
11372	11577	137
11372	11609	8
11372	11530	622
11372	11513	622
11372	11563	7
11372	11587	2
11372	11663	8
11372	11610	8
11372	11688	8
11372	11533	14
11372	11573	5
11372	11630	2
11372	11517	8
11372	11558	9
11372	11517	8
11372	11592	8
11372	11626	9
11372	11661	8
11372	11578	8
11372	11613	8
11372	11645	8
11372	11670	9
11417	11466	42
11417	11412	60
11417	11443	60
11417	11351	54
11417	11393	902
11417	11444	645
11417	11418	901
11417	11494	169
11417	11319	1222
11417	11354	167
11417	11331	1223
11417	11437	172
11417	11476	150
11417	11332	266
11417	11380	416
11417	11428	111
11417	11429	111
11417	22772	116
11417	11487	36
11417	11411	1779
11417	11512	10276
11417	11556	720
11417	11552	742
11417	11538	139
11417	11577	124
11417	11609	115
11417	11530	146
11417	11513	146
11417	11563	26
11417	11587	10
11417	11663	24
11417	11610	26
11417	11688	25
11417	11533	66
11417	11573	30
11417	11630	14
11417	11704	7
11417	11692	9
11417	11517	107
11417	11558	30
11417	11517	107
11417	11592	30
11417	11626	30
11417	11697	7
11417	11661	30
11417	11578	30
11417	11613	30
11417	11645	29
11417	11670	30
11417	22821	9
11417	11732	7
11466	11412	42
11466	11443	9502
11466	11351	50
11466	11393	1103
11466	11444	687
11466	11418	902
11466	11494	138
11466	11319	1766
11466	11354	47
11466	11331	1763
11466	11437	130
11466	11476	113
11466	11332	146
11466	11380	377
11466	11428	86
11466	11429	86
11466	22772	90
11466	11487	27
11466	11411	362
11466	11512	1930
11466	11556	92
11466	11552	94
11466	11538	1112
11466	11577	46
11466	11609	330
11466	11530	100
11466	11513	100
11466	11563	24
11466	11587	10
11466	11610	85
11466	11533	60
11466	11573	27
11466	11630	14
11466	11692	7
11466	11517	87
11466	11558	27
11466	11517	87
11466	11592	27
11466	11626	28
11466	11697	7
11466	11661	27
11466	11578	27
11466	11613	27
11466	11645	27
11466	11670	27
11466	22821	7
11466	11732	7
11412	11443	60
11412	11351	54
11412	11393	904
11412	11444	624
11412	11418	902
11412	11494	170
11412	11319	1231
11412	11354	170
11412	11331	1232
11412	11437	173
11412	11476	151
11412	11332	268
11412	11380	406
11412	11428	113
11412	11429	113
11412	22772	118
11412	11487	36
11412	11411	109
11412	11512	14034
11412	11556	740
11412	11552	754
11412	11538	140
11412	11577	126
11412	11609	117
11412	11530	146
11412	11513	146
11412	11563	26
11412	11587	10
11412	11663	25
11412	11610	26
11412	11688	25
11412	11533	925
11412	11573	30
11412	11630	15
11412	11704	7
11412	11692	9
11412	11517	109
11412	11558	30
11412	11517	109
11412	11592	30
11412	11626	31
11412	11697	7
11412	11661	30
11412	11578	30
11412	11613	30
11412	11645	29
11412	11670	29
11412	22821	9
11412	11732	7
11443	11312	397
11443	11351	1494
11443	11393	522
11443	11444	323
11443	11418	522
11443	11494	174
11443	11218	216
11443	11319	842
11443	11354	176
11443	11331	845
11443	11437	175
11443	11476	153
11443	11332	203
11443	11380	320
11443	11428	115
11443	11429	115
11443	22772	120
11443	11487	37
11443	11411	112
11443	11512	3484
11443	11556	748
11443	11552	762
11443	11538	141
11443	11577	127
11443	11609	117
11443	11530	148
11443	11513	148
11443	11563	26
11443	11587	10
11443	11663	25
11443	11610	26
11443	11688	25
11443	11533	67
11443	11573	31
11443	11630	15
11443	11704	7
11443	11692	9
11443	11517	110
11443	11558	31
11443	11517	110
11443	11592	30
11443	11626	32
11443	11697	7
11443	11661	30
11443	11578	30
11443	11613	30
11443	11645	29
11443	11670	29
11443	22821	9
11443	11732	7
11312	11351	30
11312	11462	395
11312	11501	1285
11312	11418	686
11312	11218	60
11312	11319	17936
11312	11354	7276
11312	11331	27182
11312	11437	336
11312	11476	10
11312	11332	3340
11312	11380	2898
11312	11428	12
11312	11429	12
11312	22772	14
11312	11487	37
11312	11411	2594
11312	11609	6
11312	11563	33
11312	11587	20
11312	11663	59
11312	11610	194
11312	11688	6
11312	11533	125
11312	11573	3
11312	11517	4
11312	11558	23
11312	11517	4
11312	11592	4
11312	11626	4
11312	11661	4
11312	11578	24
11312	11613	4
11312	11645	4
11312	11670	4
11351	11393	54
11351	11462	670
11351	11501	2271
11351	11444	54
11351	11418	462
11351	11494	1512
11351	11218	80
11351	11319	2123
11351	11354	33595
11351	11331	2112
11351	11437	413
11351	11476	145
11351	11332	2038
11351	11380	791
11351	11428	22
11351	11429	22
11351	22772	26
11351	11487	24
11351	11411	3574
11351	11512	42
11351	11556	142
11351	11552	650
11351	11538	606
11351	11577	546
11351	11609	8
11351	11530	602
11351	11513	602
11351	11563	22
11351	11587	2
11351	11663	64
11351	11610	8
11351	11688	8
11351	11533	14
11351	11573	5
11351	11630	2
11351	11517	8
11351	11558	9
11351	11517	8
11351	11592	9
11351	11626	9
11351	11661	9
11351	11578	39
11351	11613	9
11351	11645	8
11351	11670	9
11351	22821	6
11393	11462	819
11393	11501	2725
11393	11444	60
11393	11418	250
11393	11494	1086
11393	11319	1358
11393	11354	4285
11393	11331	1339
11393	11437	3048
11393	11476	5572
11393	11332	1654
11393	11428	320
11393	11429	320
11393	22772	382
11393	11411	447
11393	11512	1071
11393	11556	156
11393	11552	858
11393	11538	736
11393	11577	661
11393	11609	32
11393	11530	650
11393	11513	640
11393	11563	3
11393	11663	6
11393	11610	6
11393	11688	6
11393	11533	10
11393	11573	1
11393	11517	4
11393	11558	1
11393	11517	4
11393	11592	1
11393	11626	1
11393	11661	1
11393	11578	1
11393	11613	1
11393	11645	1
11462	11444	820
11462	11418	819
11462	11494	770
11462	11218	417
11462	11319	1033
11462	11354	393
11462	11331	1035
11462	11437	753
11462	11476	667
11462	11332	184
11462	11380	645
11462	11428	484
11462	11429	484
11462	22772	505
11462	11487	157
11462	11411	4994
11462	11538	611
11462	11577	542
11462	11609	281
11462	11530	642
11462	11513	642
11462	11563	59
11462	11587	24
11462	11663	41
11462	11610	43
11462	11688	43
11462	11533	149
11462	11573	70
11462	11630	35
11462	11704	17
11462	11692	20
11462	11517	460
11462	11558	70
11462	11517	460
11462	11592	68
11462	11626	71
11462	11697	24
11462	11661	68
11462	11578	68
11462	11613	68
11462	11645	67
11462	11670	68
11462	22821	299
11462	11732	24
11501	11444	2734
11501	11418	2725
11501	11494	606
11501	11218	1453
11501	11319	1745
11501	11354	634
11501	11331	1749
11501	11437	6262
11501	11476	60
11501	11332	11942
11501	11428	648
11501	11429	648
11501	22772	784
11501	11411	734
11501	11556	60
11501	11552	60
11501	11538	60
11501	11577	21
11501	11609	16
11501	11530	60
11501	11513	60
11501	11563	7
11501	11663	9
11501	11610	31
11501	11688	25
11501	11533	19
11501	11573	3
11501	11630	46
11501	11517	744
11501	11558	1
11501	11517	744
11501	11592	1
11501	11626	58
11501	11661	1
11501	11578	1
11501	11613	1
11501	11645	2
11501	11670	2
11444	11418	60
11444	11494	1094
11444	11319	920
11444	11354	831
11444	11331	5770
11444	11437	4304
11444	11476	5632
11444	11332	884
11444	11428	1086
11444	11429	1086
11444	22772	1192
11444	11411	1060
11444	11512	2829
11444	11556	158
11444	11552	860
11444	11538	740
11444	11577	663
11444	11609	85
11444	11530	664
11444	11513	664
11444	11563	5
11444	11663	6
11444	11610	6
11444	11688	6
11444	11533	172
11444	11573	3
11444	11517	1114
11444	11558	3
11444	11517	1114
11444	11592	3
11444	11626	16
11444	11661	3
11444	11578	3
11444	11613	3
11444	11645	3
11444	11670	3
11418	11494	1078
11418	11437	2976
11418	11428	338
11418	11429	338
11418	22772	400
11418	11411	552
11418	11512	1071
11418	11556	156
11418	11552	858
11418	11538	736
11418	11577	661
11418	11609	6
11418	11530	640
11418	11563	3
11418	11663	6
11418	11610	6
11418	11688	6
11418	11533	170
11418	11573	1
11418	11517	562
11418	11558	1
11418	11517	562
11418	11592	1
11418	11626	1
11418	11661	1
11418	11578	1
11418	11613	1
11418	11645	1
11494	11319	211
11494	11354	30
11494	11331	211
11494	11437	6616
11494	11476	11520
11494	11332	5
11494	11428	1822
11494	11429	1822
11494	22772	1848
11494	11411	2032
11494	11512	138
11494	11556	754
11494	11552	610
11494	11538	606
11494	11577	543
11494	11609	210
11494	11530	554
11494	11513	554
11494	11563	9
11494	11587	1
11494	11663	6
11494	11610	6
11494	11688	6
11494	11533	24
11494	11573	3
11494	11630	1
11494	11517	2080
11494	11558	3
11494	11517	2080
11494	11592	3
11494	11626	3
11494	11661	3
11494	11578	3
11494	11613	3
11494	11645	3
11494	11670	3
11218	11319	56
11218	11354	71
11218	11331	56
11218	11437	19556
11218	11332	50
11218	11380	48
11218	11428	1988
11218	11429	4388
11218	22772	7230
11218	11487	772
11218	11411	18310
11218	11609	133
11218	11563	383
11218	11587	32
11218	11663	131
11218	11610	10
11218	11688	10
11218	11533	529
11218	11573	54
11218	11630	20
11218	11692	5
11218	11517	1342
11218	11558	1540
11218	11517	1342
11218	11592	1546
11218	11626	1570
11218	11661	1546
11218	11578	1546
11218	11613	1546
11218	11645	1550
11218	11670	1554
11218	11732	1568
11319	11331	60
11319	11332	1448
11319	11380	48
11319	11428	1276
11319	11429	1276
11319	22772	5444
11319	11411	39424
11319	11512	424
11319	11556	363
11319	11552	32
11319	11538	32
11319	11577	18
11319	11530	30
11319	11533	13
11319	11517	1252
11319	11558	1468
11319	11517	1252
11319	11592	1488
11319	11626	1488
11319	11661	1488
11319	11578	1488
11319	11613	1488
11319	11645	1504
11319	11670	1516
11319	11732	902
11354	11512	7984
11354	11556	137
11354	11609	38
11354	11563	14
11354	11663	4
11354	11610	38
11354	11688	4
11354	11533	227
11331	11437	14462
11331	11332	56
11331	11380	56
11331	11428	1786
11331	11429	1786
11331	22772	6714
11331	11487	596
11331	11411	1170
11331	11512	675
11331	11556	363
11331	11552	32
11331	11538	32
11331	11577	18
11331	11609	10
11331	11530	30
11331	11563	341
11331	11587	25
11331	11663	8
11331	11610	10
11331	11688	9
11331	11533	473
11331	11573	49
11331	11630	9
11331	11517	1246
11331	11558	1456
11331	11517	1246
11331	11592	1494
11331	11626	1496
11331	11661	1494
11331	11578	1494
11331	11613	1494
11331	11645	1510
11331	11670	1522
11331	11732	1504
11437	11476	5718
11437	11332	64354
11437	11380	190626
11437	11428	796
11437	11429	796
11437	22772	1100
11437	11411	1094
11437	11512	130
11437	11556	6818
11437	11552	6434
11437	11538	6260
11437	11577	5401
11437	11609	10
11437	11530	5986
11437	11513	5808
11437	11563	137
11437	11587	6
11437	11663	10
11437	11610	303
11437	11688	10
11437	11533	3242
11437	11573	12
11437	11630	12
11437	11692	5
11437	11517	1126
11437	11558	83
11437	11517	1126
11437	11592	12
11437	11626	131
11437	11661	12
11437	11578	12
11437	11613	12
11437	11645	12
11437	11670	12
11437	11732	4
11476	11428	634
11476	11429	634
11476	22772	778
11476	11411	740
11476	11512	528
11476	11556	60
11476	11552	60
11476	11538	60
11476	11577	21
11476	11609	55
11476	11530	60
11476	11513	60
11476	11563	51
11476	11663	5
11476	11610	2677
11476	11688	6
11476	11533	506
11476	11573	10
11476	11630	43
11476	11517	750
11476	11558	1
11476	11517	750
11476	11592	37
11476	11626	58
11476	11661	19
11476	11578	1
11476	11613	1
11476	11645	1
11476	11670	1
11332	11380	56
11332	11428	1756
11332	11429	63004
11332	22772	6680
11332	11487	566
11332	11411	65550
11332	11512	2489
11332	11609	10
11332	11563	341
11332	11587	38
11332	11663	214
11332	11610	474
11332	11688	9
11332	11533	446
11332	11573	77
11332	11630	18
11332	11517	1228
11332	11558	1432
11332	11517	1228
11332	11592	1482
11332	11626	1472
11332	11661	23610
11332	11578	1482
11332	11613	10062
11332	11645	1502
11332	11670	1508
11332	22821	5
11332	11732	1488
11380	11428	1898
11380	11429	1898
11380	22772	7122
11380	11411	8178
11380	11512	563
11380	11609	6
11380	11563	12
11380	11663	6
11380	11610	196
11380	11688	71
11380	11533	466
11380	11573	28
11380	11630	7
11380	11517	1294
11380	11558	1472
11380	11517	1294
11380	11592	1490
11380	11626	1498
11380	11661	1490
11380	11578	1490
11380	11613	1490
11380	11645	1498
11380	11670	1512
11380	11732	1504
11428	11429	60
11428	22772	13412
11428	11487	12258
11428	11411	584
11428	11512	86
11428	11556	654
11428	11552	650
11428	11538	648
11428	11577	48
11428	11609	21
11428	11530	640
11428	11513	636
11428	11563	424
11428	11587	34
11428	11663	344
11428	11610	21
11428	11688	22
11428	11533	744
11428	11573	100
11428	11630	19
11428	11704	2
11428	11692	2
11428	11517	588
11428	11558	570
11428	11517	588
11428	11592	552
11428	11626	567
11428	11697	12
11428	11661	552
11428	11578	552
11428	11613	552
11428	11645	553
11428	11670	554
11428	22821	13
11428	11732	12
11429	22772	13412
11429	11487	12258
11429	11411	13744
11429	11512	86
11429	11556	654
11429	11552	650
11429	11538	648
11429	11577	48
11429	11609	21
11429	11530	640
11429	11513	636
11429	11563	424
11429	11587	34
11429	11663	21
11429	11610	21
11429	11688	22
11429	11533	2991
11429	11573	100
11429	11630	19
11429	11704	2
11429	11692	2
11429	11517	588
11429	11558	570
11429	11517	588
11429	11592	552
11429	11626	567
11429	11697	12
11429	11661	552
11429	11578	552
11429	11613	552
11429	11645	553
11429	11670	554
11429	22821	13
11429	11732	12
22772	11487	14080
22772	11411	404
22772	11512	90
22772	11556	786
22772	11552	784
22772	11538	784
22772	11577	60
22772	11609	21
22772	11530	780
22772	11513	780
22772	11563	572
22772	11587	30
22772	11663	20
22772	11610	575
22772	11688	21
22772	11533	12117
22772	11573	95
22772	11630	17
22772	11692	1
22772	11517	394
22772	11558	366
22772	11517	394
22772	11592	338
22772	11626	358
22772	11697	1
22772	11661	338
22772	11578	338
22772	11613	1102
22772	11645	338
22772	11670	337
22772	22821	13
11487	11411	1520
11487	11512	138
11487	11609	12
11487	11563	3236
11487	11587	63
11487	11663	412
11487	11610	3759
11487	11688	12
11487	11533	133658
11487	11573	1218
11487	11630	176
11487	11704	9
11487	11692	5
11487	11517	1496
11487	11558	752
11487	11517	1496
11487	11592	18
11487	11626	193
11487	11697	8
11487	11661	99
11487	11578	418
11487	11613	18
11487	11645	192
11487	11670	308
11487	22821	87
11411	11512	24603
11411	11556	724
11411	11552	728
11411	11538	734
11411	11577	605
11411	11609	24426
11411	11530	736
11411	11513	740
11411	11563	16371
11411	11587	373
11411	11663	11150
11411	11610	381897
11411	11688	5285
11411	11533	221762
11411	11573	93257
11411	11630	13993
11411	11704	259
11411	11692	369
11411	11517	60
11411	11558	2830
11411	11517	60
11411	11592	48
11411	11626	1046
11411	11697	38227
11411	11661	674
11411	11578	2612
11411	11613	1872
11411	11645	1224
11411	11670	4574
11411	22821	4100
11411	11732	48
11512	11556	454
11512	11552	462
11512	11538	480
11512	11577	389
11512	11609	332
11512	11530	98
11512	11513	98
11512	11563	24
11512	11587	10
11512	11610	812
11512	11533	646
11512	11573	28
11512	11630	14
11512	11692	7
11512	11517	87
11512	11558	27
11512	11517	87
11512	11592	27
11512	11626	28
11512	11697	7
11512	11661	135
11512	11578	27
11512	11613	377
11512	11645	112
11512	11670	376
11512	22821	74
11512	11732	7
11556	11552	60
11556	11538	60
11556	11577	21
11556	11609	16
11556	11530	60
11556	11513	60
11556	11563	7
11556	11610	13
11556	11688	336
11556	11533	19
11556	11573	3
11556	11630	35
11556	11517	736
11556	11558	3
11556	11517	736
11556	11592	2
11556	11626	3
11556	11661	2
11556	11578	2
11556	11613	2
11556	11645	2
11556	11670	2
11552	11538	60
11552	11577	21
11552	11609	16
11552	11530	60
11552	11513	60
11552	11563	7
11552	11610	13
11552	11688	339
11552	11533	142
11552	11573	3
11552	11630	35
11552	11517	738
11552	11558	1
11552	11517	738
11552	11592	3
11552	11626	3
11552	11661	3
11552	11578	3
11552	11613	3
11552	11645	2
11552	11670	2
11538	11577	21
11538	11609	16
11538	11530	60
11538	11513	60
11538	11563	22
11538	11663	9
11538	11610	31
11538	11688	347
11538	11533	19
11538	11573	3
11538	11630	46
11538	11704	1
11538	11517	744
11538	11558	20
11538	11517	744
11538	11592	1
11538	11626	58
11538	11661	1
11538	11578	1
11538	11613	1
11538	11645	2
11538	11670	2
11577	11609	48
11577	11530	21
11577	11513	21
11577	11563	7
11577	11610	48
11577	11688	818
11577	11533	123
11577	11630	7
11577	11704	7
11577	11517	41
11577	11517	41
11577	11626	17
11609	11530	16
11609	11513	12
11609	11563	25
11609	11587	147
11609	11610	60
11609	11688	442
11609	11533	3
11609	11573	5
11609	11704	512
11609	11692	214
11609	11517	7
11609	11558	7
11609	11517	7
11609	11592	8
11609	11626	7
11609	11697	809
11609	11661	887
11609	11578	71
11609	11613	887
11609	11645	887
11609	11670	886
11609	22821	2565
11609	11732	2859
11530	11513	60
11530	11563	7
11530	11663	5
11530	11610	90
11530	11688	6
11530	11533	19
11530	11573	1
11530	11630	46
11530	11517	748
11530	11558	1
11530	11517	748
11530	11592	1
11530	11626	58
11530	11661	1
11530	11578	1
11530	11613	1
11530	11645	1
11530	11670	1
11513	11563	13
11513	11587	2
11513	11663	5
11513	11610	677
11513	11688	6
11513	11533	19
11513	11573	10
11513	11630	46
11513	11517	752
11513	11558	1
11513	11517	752
11513	11592	1
11513	11626	58
11513	11661	1
11513	11578	1
11513	11613	1
11513	11645	1
11513	11670	1
11563	11663	23
11563	11610	25
11563	11688	25
11563	11704	11
11587	11663	139
11587	11610	147
11587	11688	150
11587	11704	143
11587	11697	58
11587	22821	140
11587	11732	61
11663	11688	294
11663	11533	3
11663	11704	314
11663	11692	226
11663	11517	12
11663	11626	40
11663	11697	44
11663	11661	44
11663	11578	44
11663	11613	44
11663	11645	44
11663	11670	44
11663	22821	842
11663	11732	204
11610	11688	442
11610	11533	177
11610	11573	5
11610	11704	512
11610	11692	214
11610	11517	112
11610	11558	7
11610	11517	7
11610	11592	8
11610	11626	7
11610	11697	809
11610	11661	887
11610	11578	71
11610	11613	887
11610	11645	887
11610	11670	10319
11610	22821	2565
11610	11732	2859
11688	11533	4
11688	11704	60
11688	11692	205
11688	11592	10
11688	11626	10
11688	11697	10
11688	11661	10
11688	11578	10
11688	11613	10
11688	11645	10
11688	11670	10
11688	22821	3721
11688	11732	219
11573	11517	60
11573	11558	60
11573	11517	60
11573	11592	56
11573	11626	56
11573	11661	56
11573	11578	56
11573	11613	56
11573	11645	56
11573	11670	56
11704	11692	199
11704	11592	10
11704	11626	10
11704	11697	10
11704	11661	10
11704	11578	10
11704	11613	10
11704	11645	10
11704	11670	10
11704	22821	3503
11704	11732	206
11692	11592	12880
11692	11626	12503
11692	11697	12951
11692	11661	12880
11692	11578	12880
11692	11613	12880
11692	11645	12843
11692	11670	12748
11692	22821	28865
11692	11732	12880
11517	11558	60
11517	11517	60
11517	11592	60
11517	11626	60
11517	11697	60
11517	11661	60
11517	11578	60
11517	11613	60
11517	11645	60
11517	11670	60
11517	11732	60
11558	11517	60
11558	11592	60
11558	11626	60
11558	11697	60
11558	11661	60
11558	11578	60
11558	11613	60
11558	11645	60
11558	11670	60
11558	11732	60
11517	11592	60
11517	11626	60
11517	11697	60
11517	11661	60
11517	11578	60
11517	11613	60
11517	11645	60
11517	11670	60
11517	11732	60
11592	11626	60
11592	11697	60
11592	11661	60
11592	11578	60
11592	11613	60
11592	11645	60
11592	11670	60
11592	22821	348
11592	11732	60
11626	11697	60
11626	11661	60
11626	11578	60
11626	11613	60
11626	11645	60
11626	11670	60
11626	22821	348
11626	11732	60
11697	11661	60
11697	11578	60
11697	11613	60
11697	11645	60
11697	11670	60
11697	22821	148052
11697	11732	60
11661	11578	60
11661	11613	60
11661	11645	60
11661	11670	60
11661	22821	348
11661	11732	60
11578	11613	60
11578	11645	60
11578	11670	60
11578	22821	348
11578	11732	60
11613	11645	60
11613	11670	60
11613	22821	348
11613	11732	60
11645	11670	60
11645	22821	348
11645	11732	60
11670	22821	348
11670	11732	60
22821	11732	24
