500	136	2257
2524	2023	9324	26.189757
2525	2025	2026	64.327782
2526	2027	2028	5.586922
2527	2029	2030	6.940216
11864	9250	9251	3.748527
11877	9271	9272	67.887848
11886	9286	9287	94.097794
11887	9287	9288	25.889551
11910	9323	22786	4.616272
12857	10001	10027	15.868523
12883	10045	10043	1.588344
12911	10059	10065	1.842758
12914	10067	10045	7.410419
12917	10065	10069	1.435581
12918	10069	10059	4.113263
12951	10043	10096	43.619606
12957	10101	10067	16.219705
12971	10075	10113	9.417314
12987	10096	10113	62.270908
12991	10113	10128	5.836568
13000	10001	10135	32.608749
13010	10135	10143	3.937231
13025	10096	10156	29.247026
13036	10128	10163	13.693652
13038	10163	10165	0.843319
13069	2027	10120	43.333197
13074	10027	10188	38.550329
13083	10188	2028	2.98775
13088	10069	10198	32.907126
13090	10200	2029	0.678635
13096	2030	10207	33.883337
13097	10207	10101	101.87632
13111	10200	2025	2.893509
13113	10143	2029	47.054195
13114	10165	10216	16.710107
13121	10221	10135	60.140461
13156	10188	10221	103.596619
13158	10243	10207	23.716258
13159	10243	10101	41.02374
13163	10069	10246	82.505729
13164	10246	10120	26.639952
13171	10156	9221	106.972992
13172	9221	10243	11.870193
13197	10216	10263	21.421429
13202	10263	10256	4.829246
13214	10263	10273	3.231432
13229	10256	10283	11.694952
13236	10289	10246	50.608589
13237	2028	10289	28.11456
13244	10198	9250	33.481204
13256	2025	10301	28.691597
13267	10310	10283	32.745296
13293	10330	10331	4.132041
13294	10331	10243	29.057968
13295	10332	10221	120.5467
13303	10301	10330	84.822487
13309	10344	10310	97.212357
13317	10332	10347	7.321056
13319	10331	10344	81.66259
13320	10273	10349	21.465075
13327	10355	10289	19.524144
13328	10355	10332	8.74343
13340	10347	2026	45.668601
13367	10384	10246	29.935558
13392	10349	10399	8.61675
13403	10399	10408	2.932641
13412	10416	10355	10.988721
13417	10421	10416	1.351216
13423	10310	10408	99.864037
13430	10384	10429	70.7229
13439	10347	10436	26.628289
13442	10429	10438	88.141312
13443	10438	10421	12.347133
13457	10447	10384	15.00663
13468	10455	10301	35.375868
13469	10455	10330	39.163785
13499	10429	10478	38.351814
13500	10438	10478	20.34984
13506	10482	10455	9.163856
13516	10490	10482	2.761715
13517	10408	10491	29.141978
13520	10501	10447	36.688398
13522	10491	10496	4.353184
13531	9251	10501	59.356221
13537	9251	10504	135.995163
13538	10501	10504	22.944078
13548	10504	10510	9.700062
13562	10523	10447	20.504464
13564	10523	10525	0.156045
13567	10525	10529	1.622204
13568	10478	10529	27.8249
13570	10525	10531	1.348042
13572	10496	10533	13.670905
13575	10535	10490	19.203948
13576	10436	10535	58.341123
13588	10545	10535	2.311274
13633	10344	10582	137.529205
13634	10533	10583	8.591616
13638	10586	10545	6.505241
13644	10592	10582	8.386418
13645	10583	10592	4.710817
13646	10582	10593	11.262332
13658	10602	10482	146.329117
13661	10605	10545	55.298092
13662	10605	10602	3.15723
13670	10602	10610	2.625756
13671	10593	10610	9.974301
13673	10612	10605	1.828522
13674	10610	10612	1.175575
13684	10617	10586	7.463398
13737	10660	10617	31.568956
13755	10529	10667	135.830688
13763	9272	10660	6.065869
13764	10592	10679	20.535633
13779	10689	10679	30.12199
13783	10610	10689	69.409157
13790	10501	10698	48.161631
13791	10699	10698	0.219799
13792	10531	10699	45.083699
13800	10699	10703	3.004213
13805	10531	10705	36.218668
13810	10705	10709	0.603183
13831	10667	10723	68.52903
13836	10723	9286	2.660586
13837	9286	9271	12.903515
13843	10732	10709	20.174266
13844	10732	10703	12.197082
13869	10752	9272	22.427301
13870	10753	10752	15.036944
13876	10698	10756	125.202286
13877	10612	10757	113.243988
13880	10510	10759	156.683228
13881	10756	10759	35.133278
13884	9271	9288	55.149891
13885	9288	10752	2.488074
13893	10617	10766	131.971451
13896	10766	10769	0.364479
13914	10757	10769	75.17617
13940	10766	10753	51.285868
13945	9288	10803	54.074585
13946	10753	10803	51.476353
13968	10705	10821	53.872353
13977	10827	10757	47.823696
13991	10689	10827	126.774277
14033	10769	10867	89.8629
14034	10867	10827	28.25035
14046	10877	10703	70.707027
14064	10803	10892	72.381874
14075	10901	10877	6.902256
14084	10909	10910	87.286369
14086	10912	10909	0.411701
14088	10892	10912	12.794459
14089	10914	10821	29.63614
14092	10910	10917	74.878967
14093	10867	10917	9.865705
14098	10917	10921	0.657831
14099	10922	10914	3.903993
14100	10922	9287	15.30937
14106	10927	10901	6.903888
14109	10709	10929	47.459827
14114	10933	10892	7.710505
14116	10914	10935	2.880305
14137	10950	10922	3.510256
14172	10950	10933	21.457324
14175	10935	10929	45.39229
14180	10909	10982	39.44585
14181	10982	10921	12.344225
14193	10993	10927	35.766292
14197	10732	10993	175.135788
14198	10583	10996	133.369732
14202	10993	11000	1.685923
14219	10929	11014	13.340662
14220	11000	11014	22.875433
14231	10921	11025	92.949837
14232	10996	11026	44.08585
14247	11035	10912	73.726524
14248	11036	10950	13.312442
14254	10933	11036	89.256828
14269	11054	11000	15.216733
14281	11014	11064	11.909965
14286	11064	11054	27.413441
14291	11054	11070	8.392403
14292	11025	11026	224.180328
14299	10927	11078	36.0274
14306	11070	11078	101.543648
14323	11070	11095	10.837535
14325	11097	11036	8.629081
14343	11097	11110	2.436219
14346	11113	11097	2.056538
14347	11110	11113	0.960506
14359	11110	11123	13.200158
14372	10982	11135	42.261738
14377	11123	11139	5.567119
14378	11035	11139	61.910275
14384	11135	11144	4.464221
14390	11144	11130	18.199468
14401	11157	11035	77.006569
14402	11157	11135	9.963715
14412	11166	11113	6.156745
14422	11139	11157	16.165066
14432	11064	11178	17.847931
14443	11185	11186	15.188679
14444	11185	11166	2.894746
14449	11178	11195	3.238169
14455	11195	11194	0.373501
14459	11195	11197	0.4339
14460	11197	11198	0.204592
14464	11144	11202	16.716994
14465	11130	11202	42.615608
14466	11198	11203	0.686898
14468	11095	11205	70.709274
14469	11205	11206	2.046112
14471	11194	11205	78.135857
14472	11026	11208	154.601532
14474	11095	11210	81.893059
14479	11186	11197	33.241603
14490	11206	11210	69.066902
14514	11078	11243	35.300318
14515	11210	11243	47.978386
14555	11194	11274	26.362661
14559	11202	11279	19.35883
14560	11280	11279	0.902301
14561	11208	11280	294.966644
14575	11291	11166	49.492275
14576	11279	11291	28.995153
14588	11280	11300	15.676079
14603	11291	11313	4.49527
14624	11203	11329	27.963949
14636	11313	11338	12.036777
14638	11329	11340	2.679858
14639	11274	11341	24.44131
14642	11243	11345	28.126023
14643	11345	11346	4.157472
14665	11364	11185	45.279066
14673	11341	11345	40.110231
14681	11364	11376	2.938075
14683	11378	11376	0.774673
14695	11387	11378	2.52127
14718	11407	11341	14.038396
14719	11340	11407	129.339172
14736	11420	11407	2.636649
14743	11420	11426	1.402807
14745	11300	11427	192.303421
14748	11431	11432	86.531952
14749	11432	11427	22.632088
14756	11438	11387	11.992296
14774	11452	11438	30.396089
14775	11376	11452	38.647758
14776	11453	11438	3.860691
14777	11452	11313	139.790695
14784	11458	11338	104.792542
14796	11340	11468	22.597371
14797	11468	11453	16.547465
14798	11300	11469	110.278214
14803	11468	11473	0.710219
14807	11426	11473	143.369614
14816	11473	11484	1.505784
14834	11458	11497	7.479047
14835	11469	11497	25.083755
14840	11427	11500	69.793861
14849	11452	11506	67.705681
14881	11500	11469	127.518974
14896	11497	11540	12.359337
14897	11484	11541	11.910863
14904	11540	11548	5.926035
14906	11540	11506	73.191177
14932	11484	11571	75.54454
14943	11346	11579	67.077922
14945	11581	11426	35.61697
14947	11583	11581	0.846606
14965	11571	11597	14.160616
14966	11597	11581	14.936534
14975	11420	11605	138.860397
14981	11605	11583	41.901855
14993	11621	11432	116.404465
15037	11541	11653	24.457472
15039	11653	11571	92.369438
15041	11548	11656	74.211395
15077	11506	22600	41.887545
15078	11579	11683	127.580025
15079	11683	11605	25.196493
15081	22600	21998	2.788993
15085	11656	21998	39.54491
15090	11653	11689	8.277445
15095	11621	11694	103.763664
15105	11583	11701	97.392128
15129	11694	11720	44.915558
15140	11689	11728	7.674436
15148	11728	11735	1.399349
15152	11735	11738	0.756427
15156	11735	11742	1.87915
15157	11742	11738	1.368135
15158	11738	11743	0.291654
15162	11746	22596	0.600635
15164	11701	11748	25.786396
15167	11751	11720	20.333685
15173	11746	11757	13.063987
15174	11757	11701	113.906929
15176	11694	11758	46.003029
15179	21998	11762	36.694671
15181	11758	11751	20.864672
15192	11748	11773	14.906738
15196	11762	11776	3.845417
15197	11720	11776	85.820549
15200	11748	11778	66.218826
15206	11743	11784	6.542514
15208	11776	11866	46.406479
15209	11773	11786	3.664931
15212	11790	11758	40.222778
15215	11757	11793	6.216244
15227	11803	11790	1.804538
15230	11742	11806	24.716466
15231	11778	11793	38.151405
15235	11786	11811	32.458035
15236	11811	11806	2.673391
15276	11786	11840	9.681039
15277	11840	11811	8.480734
15287	11806	11848	13.256172
15289	11848	11784	58.404655
15297	11743	11856	48.289667
15302	11860	11778	85.519295
15303	11860	11840	8.903039
15308	11865	11860	1.011379
15314	11751	11866	115.58149
15315	11848	11870	4.780791
15317	11870	11872	2.729305
15326	11784	11878	18.396418
15352	11878	11897	3.404553
15354	11872	11865	80.967598
15362	11878	11870	69.719368
15373	11856	21999	3.840805
15387	11911	11922	57.359707
15388	11866	11922	44.38781
15396	11897	11926	33.676523
15397	11926	11927	11.594512
15398	11927	11911	26.986246
15399	11928	11927	0.308767
15418	11945	11865	31.73392
15444	11961	11945	22.3262
15451	11897	11966	6.920334
15483	11986	11945	17.899719
15516	11986	12012	10.448622
15519	11966	9323	20.243323
15520	11926	9323	117.843109
15532	11922	12025	80.850891
15536	12028	11872	130.192184
15548	12036	11986	28.497558
15549	12036	12028	9.960955
15586	12028	22786	28.442695
15590	12012	12056	27.320349
15593	12025	12059	27.408958
15631	9971	12095	27.961123
15637	12056	12101	17.428219
15642	12056	21879	49.355309
15661	12059	12117	29.73188
15663	12095	12119	10.460072
15682	12036	12132	23.699061
15684	12132	12134	1.860669
15686	12101	12134	43.880455
15709	12059	22000	95.68425
15721	12117	12167	6.066813
15723	12170	2023	30.626597
15724	12153	12170	10.866405
15764	9324	12200	21.620441
15773	12170	12206	7.833601
15793	12222	12200	13.833811
15799	12132	12229	67.213333
15801	12229	12222	8.068284
15822	12245	12167	15.815603
15826	12119	12248	21.57329
15827	12167	12248	24.803601
15832	12248	12253	1.928447
15856	12270	22003	1.952045
15858	12253	12245	91.915123
15864	12276	12277	4.550762
15865	12134	12278	28.674879
15869	12277	12278	5.117717
15886	12292	12229	16.929469
15888	12200	12294	14.379134
15890	12278	12292	22.662495
15902	12206	12294	113.011459
15906	12308	12206	32.07191
15907	12308	12270	16.645002
15978	12393	12394	15.166626
16015	12445	12446	21.964413
16016	12447	12448	1.820568
16017	12449	12448	41.174332
16023	12458	12459	6.785148
16027	12464	12465	4.345868
16047	9279	12276	27.115592
16075	12294	12506	10.951133
16091	12518	12308	12.655768
16110	12518	12533	2.37806
16123	12506	12544	31.139387
16135	12292	12550	56.35009
16136	12544	12550	4.961555
16184	9279	12586	25.420189
16187	12588	12518	22.45829
16192	12550	12586	105.614899
16201	12533	12600	32.821832
16211	12533	12608	36.038876
16214	12600	12610	6.557558
16215	12608	12588	36.581566
16223	12616	12588	7.168703
16270	12616	12654	7.25666
16289	12608	12668	30.529709
16293	12600	12668	62.914864
16327	12616	12692	15.000664
16328	12506	12693	29.161554
16339	12692	12654	57.764645
16343	12692	12693	6.891922
16348	12706	12693	0.915359
16354	12654	12710	17.715686
16355	12668	12710	6.817714
16358	12706	12393	11.470425
16382	12393	12726	22.319718
16394	12734	12735	8.114203
16395	12544	12734	90.393654
16398	12738	12706	4.099808
16436	12799	12738	17.725026
16440	12726	12734	17.133363
16585	12857	12799	11.085414
16592	12866	12857	0.753154
16593	12710	12866	41.698774
16595	12394	12868	22.679651
16609	12449	12857	2.201436
16661	12918	12799	23.914331
16713	12960	12918	5.576466
16714	12960	12449	35.079421
16716	12962	12866	23.173315
16776	12446	12962	20.566016
16777	13012	12960	12.332589
16799	12868	13029	29.756293
16817	13044	12446	7.695052
16836	13055	13044	2.331052
16909	13012	12447	24.166065
16926	13118	13055	14.322606
16929	13029	22787	20.823339
16930	13121	13012	22.92447
16954	13138	12445	2.952778
16955	12459	12962	38.826998
16956	13138	13118	12.237348
16967	13118	13147	3.855505
16977	13155	13138	1.725378
16983	13155	13161	1.39697
16984	12448	12464	6.669811
16985	12464	12459	23.089949
16989	13155	13164	29.578423
16990	13164	13147	4.822482
16991	13165	13138	6.729283
16994	13161	13165	4.42388
17014	13055	13180	22.139516
17018	13180	13147	11.469959
17020	13165	12458	15.93677
17040	13161	13197	24.927477
17041	13197	13164	33.651077
17105	13245	12458	14.166061
17106	13245	13165	22.475618
17181	12465	13293	72.541771
17182	13293	13245	11.483616
17244	13338	13293	8.205002
17275	13361	13338	6.558228
17276	13361	13197	84.922501
17283	13368	13361	1.030147
17294	13373	13180	91.171059
17300	13368	13378	3.531956
17331	13373	13378	90.677811
17416	13489	13368	31.847239
17430	13474	13373	43.257378
17514	13535	13489	6.4484
17531	13547	13548	0.375161
17532	13378	13548	35.998738
17536	13550	13474	19.006026
17541	13554	13535	5.811378
17542	13550	13555	1.477632
17543	13555	13556	0.28204
17546	13548	13550	10.294825
17627	13554	13623	19.363305
17628	13547	13623	16.847766
17649	13623	13638	4.516776
17664	13647	13623	13.385748
17685	13638	13664	6.538577
17695	13672	13673	2.743442
17696	13673	13554	67.647003
17697	13673	13647	14.07959
17721	13676	13672	28.983902
29651302	19958	11972	0.2041
19651302	19958	11961	8.46546
29653197	21879	12101	2.349838
29653282	21999	11911	59.311829
29653283	22000	12153	2.668945
29653285	22002	12245	5.220384
29653286	22003	22002	1.040665
29653850	22596	11683	17.399605
29653851	22598	11689	27.44278
29653852	22600	22601	0.740002
29653853	22601	22598	2.3326
29653854	22603	22598	1.406725
29653978	22786	9324	0.425134
29653979	22787	13121	0.558387
10001
10065
10067
10075
10113
10120
10128
10143
10163
10188
10198
10200
10246
10263
10331
10344
10384
10399
10421
10429
10436
10447
10496
10501
10529
10535
10586
10592
10593
10605
10660
10679
10699
10705
10709
10769
10821
10892
10901
10917
10929
10950
10993
11014
11026
11054
11064
11130
11135
11166
11194
11205
11208
11274
11279
11291
11329
11341
11346
11364
11420
11431
11452
11468
11540
11541
11579
11583
11653
11694
11735
11746
11762
11773
11803
11806
11860
11870
11878
11922
11926
11928
11966
11972
12012
12132
12153
12222
12248
12277
12294
12394
12445
12446
12447
12459
12464
12610
12706
12710
12726
12734
12735
12866
12918
12962
13029
13044
13121
13161
13180
13245
13293
13368
13373
13474
13535
13547
13550
13556
13623
13638
13647
13664
13672
13673
13676
21998
22002
22600
22603
9279
9286
9288
9324
9971
12706	12735	60
12706	12734	60
12706	12726	150
12706	12394	60
12706	13029	250
12706	12918	46050
12706	12153	146288
12706	22002	6088
12706	12248	16646
12706	12710	26254
12706	12866	27938
12706	12447	6964
12706	12464	20276
12706	12962	103
12706	12459	103
12706	12610	6092
12706	13161	9
12706	9971	7086
12706	13368	52
12706	13245	102
12706	13293	81
12706	13535	41
12706	13672	48
12706	13673	48
12706	13647	48
12706	13547	1037
12706	13623	48
12706	13664	48
12706	13638	48
12706	13474	51
12706	13550	51
12706	13556	50
10501	10529	28720
10501	10065	150
10501	10421	93
10501	10113	1
10501	10120	42
10501	10188	68
10501	10001	68
10501	10075	1
10501	10128	1
10501	10163	1
10501	10198	60
10501	10901	56
10501	10246	164
10501	10699	56
10501	10709	56
10501	10993	144
10501	9286	16
10501	11346	56
10501	11579	56
10501	11054	994
10501	10535	1
10501	10331	1
10501	10660	158
10501	10344	2
10501	10263	1
10501	10399	1
10501	10679	1
10501	11026	41810
10501	11291	10
10529	10429	4846
10529	10705	1303
10529	10950	5649
10529	11194	1
10529	11341	1
10529	10065	189
10529	10421	22434
10529	11166	1404
10529	10120	17
10529	10198	702
10529	10901	198132
10529	10246	195
10529	10384	11336
10529	10447	240294
10529	10699	88764
10529	10709	25
10529	10993	23
10529	10929	3844
10529	10929	964
10529	10929	964
10529	11014	23
10529	9286	30
10529	10821	1298
10529	11746	1
10529	11054	23
10529	11064	8
10529	11274	1
10529	11420	1
10529	11329	1
10529	11364	50
10529	11583	1
10529	10660	2
10529	9288	1456
10529	10892	1527
10529	10769	37
10529	10917	1527
10529	11135	1527
10529	11291	1006
10529	11130	1527
10529	11279	454
10529	11431	4
10429	10705	4
10429	10950	4
10429	10421	25445
10429	11166	5
10429	10901	27794
10429	10384	120
10429	10699	28036
10429	10709	3
10429	10993	3
10429	10929	3
10429	10929	3
10429	10929	3
10429	11014	3
10429	9286	3779
10429	10821	4
10429	11346	4
10429	11579	4
10429	11054	3
10429	11064	1
10429	11364	5
10429	9288	1
10429	10892	4
10429	10917	4
10429	11135	4
10429	11291	7
10429	11130	4
10429	11279	4
10429	11431	10
10436	10705	2
10436	10592	22
10436	10065	2
10436	10113	1006
10436	10120	2
10436	10188	2
10436	10001	2
10436	10143	42
10436	10200	4
10436	10067	1182
10436	10075	1008
10436	10128	1006
10436	10163	170
10436	10198	2
10436	10246	2
10436	10447	17
10436	10929	2
10436	10929	2
10436	10929	2
10436	10821	2
10436	10535	6
10436	10586	4
10436	10331	1182
10436	10660	4
10436	10344	434
10436	10605	10
10436	10593	6
10436	10263	2
10436	10399	44
10436	10496	14
10436	10679	46
10436	11026	20
10436	11208	48
10705	10950	56
10705	10421	130
10705	10113	8
10705	11166	234
10705	10188	14
10705	10001	14
10705	10143	15
10705	10200	16
10705	10067	10
10705	10075	8
10705	10128	8
10705	10384	40
10705	10447	279
10705	9286	36
10705	10821	60
10705	11364	1426
10705	10535	10
10705	10331	10
10705	10660	68
10705	9288	56
10705	10892	56
10705	10769	5608
10705	10917	56
10705	10344	654
10705	11135	56
10705	11291	4552
10705	11130	56
10705	11279	56
10705	11208	38
10705	11431	47
10950	11194	2160
10950	11341	2154
10950	10421	96
10950	11166	256
10950	10188	14
10950	10001	14
10950	10246	137
10950	10384	20
10950	10447	614
10950	10929	60
10950	10929	60
10950	10929	60
10950	9286	50
10950	10821	60
10950	11346	2152
10950	11579	2152
10950	11746	8236
10950	11205	2058
10950	11274	2160
10950	11420	2152
10950	11329	8072
10950	11468	91896
10950	11364	6016
10950	11452	17610
10950	11452	4963
10950	11583	2126
10950	11541	18680
10950	10660	62
10950	9288	60
10950	10892	60
10950	10769	6120
10950	10917	60
10950	11135	60
10950	11291	4858
10950	11130	60
10950	11279	60
10950	11208	40
10950	11431	21
11194	11341	60
11194	11735	3663
11194	10065	1165
11194	10421	4
11194	11166	4886
11194	10120	776
11194	10188	82
11194	10001	82
11194	10246	18876
11194	10384	679
11194	10447	17
11194	11346	60
11194	11579	60
11194	11746	150
11194	11205	60
11194	11274	60
11194	11420	60
11194	11329	1328
11194	11364	400
11194	11583	250
11194	10892	6222
11194	10917	2202
11194	11026	530
11194	11135	2202
11194	11291	1456
11194	11130	2210
11194	11279	1450
11194	11208	220
11194	11431	3226
11341	11773	48
11341	10065	771
11341	10421	4
11341	11166	430
11341	10120	140
11341	10188	137
11341	10001	137
11341	10901	60
11341	10246	1730
11341	10447	1
11341	11346	60
11341	11579	60
11341	11746	60
11341	11205	60
11341	11274	60
11341	11420	60
11341	11329	264
11341	11364	398
11341	11583	60
11341	11860	227
11341	10892	2190
11341	10917	2196
11341	11026	530
11341	11135	2196
11341	11291	1452
11341	11130	2204
11341	11279	1446
11341	11208	220
11341	11431	3247
11341	11972	1
11341	12012	227
11773	11806	60
11773	11653	19364
11773	11735	56
11773	11346	48
11773	11579	48
11773	11746	48
11773	11274	186
11773	11420	48
11773	11583	48
11773	11860	60
11773	11870	60
11773	11878	2
11773	9279	36
11773	11972	11
11773	12012	60
11773	12132	60
11773	12277	36
11806	11653	19364
11806	11735	56
11806	11579	136
11806	11746	48
11806	11420	44
11806	11583	48
11806	11860	60
11806	11870	60
11806	11878	2
11806	9279	36
11806	11972	10
11806	12012	60
11806	12132	60
11806	12277	36
11653	11735	19346
11653	11746	48826
11653	11420	641
11653	11583	30
11653	11860	19364
11653	11870	19364
11653	11878	31162
11653	10660	2
11653	12012	19348
11653	11928	5748
11735	11746	42
11735	11420	45782
11735	11583	6837
11735	11860	56
11735	11870	56
11735	11878	16218
11735	11972	8
11735	12012	56
9324	11746	1652
9324	11860	244
9324	11972	3484
9324	12012	10970
9324	12132	10968
9324	12294	1922
9324	12918	164
9324	12153	56
9324	22002	56
9324	12866	14244
9324	12447	151
9324	12464	424
9324	12962	70
9324	12459	70
9324	12610	56
9324	13161	24
9324	13368	31
9324	13245	70
9324	13293	52
9324	13535	47
9324	13547	29
9324	13474	29
9324	13550	29
9324	13556	28
10592	10065	8
10592	10113	368
10592	10120	8
10592	10188	8
10592	10001	12
10592	10143	1106
10592	10200	1106
10592	10067	546
10592	10075	368
10592	10128	368
10592	10163	416
10592	10198	8
10592	10246	8
10592	10447	7
10592	9286	20
10592	10535	88
10592	10586	1844
10592	10331	1108
10592	10660	294
10592	10769	30
10592	10917	24
10592	10344	20
10592	10605	14
10592	10593	12
10592	10263	412
10592	10399	30
10592	10496	10
10592	10679	30
10592	11026	30
10592	11135	24
10592	11130	24
10592	11279	24
10592	11208	30
10592	11431	985
11803	22603	29198
11803	22600	47806
11803	21998	60
11803	11540	46
11803	11762	60
11803	11922	60
11803	11694	60
11803	11431	60
10065	10113	686
10065	11166	201
10065	10200	2950
10065	10067	930
10065	10075	686
10065	10128	686
10065	10163	476
10065	10198	60
10065	10901	56
10065	10246	60
10065	10699	56
10065	10709	1256
10065	10993	1047
10065	11014	2009
10065	11346	56
10065	11579	56
10065	11746	771
10065	11054	1047
10065	11205	559
10065	11064	927
10065	11274	771
10065	11420	771
10065	11583	771
10065	10535	10
10065	10586	16
10065	10331	2626
10065	10660	8
10065	10344	788
10065	10605	9
10065	10593	6
10065	10263	298
10065	10399	14
10065	10496	4
10065	10679	16
10065	11026	20
10065	11208	18
10065	12277	47411
10421	11166	114
10421	10901	51920
10421	10384	649
10421	10447	12694
10421	10699	107074
10421	10709	74
10421	10993	62
10421	10929	71
10421	10929	71
10421	10929	71
10421	11014	62
10421	10821	123
10421	11346	49
10421	11579	49
10421	11746	4
10421	11054	62
10421	11205	4
10421	11064	21
10421	11274	4
10421	11420	4
10421	11329	5
10421	11364	117
10421	11583	4
10421	10892	96
10421	10917	96
10421	11135	96
10421	11291	143
10421	11130	96
10421	11279	101
10421	11431	60
10113	10120	26
10113	10188	26
10113	10001	28
10113	10143	60
10113	10200	60
10113	10067	60
10113	10075	60
10113	10128	60
10113	10163	60
10113	10198	330
10113	10246	712
10113	10447	16
10113	10709	6
10113	9286	4
10113	10535	472
10113	10586	226
10113	10331	60
10113	10660	52
10113	10917	48
10113	10344	60
10113	10605	90
10113	10593	180
10113	10263	60
10113	10399	832
10113	10496	220
10113	10679	736
10113	11026	398
10113	11208	24
11166	10120	69
11166	10188	16
11166	10001	16
11166	10246	2300
11166	10384	1781
11166	10447	3178
11166	10929	256
11166	10929	256
11166	10929	256
11166	9286	238
11166	10821	254
11166	11346	2538
11166	11579	428
11166	11746	2982
11166	11205	428
11166	11274	430
11166	11420	428
11166	11329	2838
11166	11468	5186
11166	11364	60
11166	11452	585
11166	11452	44
11166	11583	3676
11166	11541	4758
11166	10660	570
11166	9288	264
11166	10892	296
11166	10769	188
11166	10917	314
11166	11026	386
11166	11135	314
11166	11291	434
11166	11130	330
11166	11279	166
11166	11208	8
11166	11431	968
10120	10188	60
10120	10001	60
10120	10143	42
10120	10200	28
10120	10067	32
10120	10075	26
10120	10128	26
10120	10163	20
10120	10901	418
10120	10699	417
10120	10709	266
10120	10993	215
10120	11014	215
10120	11346	140
10120	11579	140
10120	11746	140
10120	11054	215
10120	11205	140
10120	11064	181
10120	11274	140
10120	11420	140
10120	11583	120
10120	10535	12
10120	10586	14
10120	10331	2778
10120	10660	8
10120	10344	786
10120	10605	7
10120	10593	6
10120	10263	298
10120	10399	312
10120	10496	94
10120	10679	14
10120	11026	14
10120	11208	14
10188	10001	60
10188	10143	42
10188	10200	30
10188	10067	36
10188	10075	26
10188	10128	26
10188	10163	20
10188	10709	599
10188	10993	654
10188	10929	12
10188	10929	12
10188	10929	12
10188	11014	654
10188	10821	15
10188	11346	379
10188	11579	379
10188	11746	137
10188	11054	654
10188	11205	83
10188	11064	376
10188	11274	137
10188	11420	137
10188	11364	15
10188	11583	137
10188	10535	10
10188	10586	16
10188	10331	2780
10188	10660	8
10188	10892	15
10188	10917	12
10188	10344	788
10188	10605	7
10188	10593	6
10188	10263	298
10188	10399	312
10188	10496	94
10188	10679	14
10188	11026	14
10188	11135	15
10188	11291	18
10188	11130	15
10188	11279	15
10188	11208	12
10188	11431	75
10001	10143	42
10001	10200	42
10001	10067	42
10001	10075	28
10001	10128	28
10001	10163	28
10001	10709	599
10001	10993	654
10001	10929	12
10001	10929	12
10001	10929	12
10001	11014	654
10001	10821	15
10001	11346	379
10001	11579	379
10001	11746	137
10001	11054	654
10001	11205	83
10001	11064	376
10001	11274	137
10001	11420	137
10001	11364	15
10001	11583	137
10001	10535	30
10001	10586	54
10001	10331	40
10001	10660	22
10001	10892	15
10001	10917	12
10001	10344	12
10001	10605	11
10001	10593	10
10001	10263	12
10001	10399	244
10001	10496	74
10001	10679	24
10001	11026	22
10001	11135	15
10001	11291	18
10001	11130	15
10001	11279	15
10001	11208	18
10001	11431	24
10143	10200	60
10143	10067	60
10143	10075	60
10143	10128	60
10143	10163	60
10143	10709	11
10143	9286	4
10143	10535	496
10143	10586	226
10143	10331	60
10143	10660	50
10143	10344	38
10143	10605	822
10143	10593	860
10143	10263	48
10143	10399	2354
10143	10496	664
10143	10679	2212
10143	11026	490
10143	11208	32
10200	10067	60
10200	10075	60
10200	10128	60
10200	10163	60
10200	10198	2910
10200	10246	4680
10200	10447	106
10200	10709	11
10200	9286	4
10200	10535	496
10200	10586	226
10200	10331	60
10200	10660	50
10200	10344	38
10200	10605	822
10200	10593	860
10200	10263	48
10200	10399	2354
10200	10496	664
10200	10679	2212
10200	11026	490
10200	11208	32
10067	10075	60
10067	10128	60
10067	10163	60
10067	10198	826
10067	10246	956
10067	10447	16
10067	10709	6
10067	9286	4
10067	10535	500
10067	10586	230
10067	10331	60
10067	10660	52
10067	10344	38
10067	10605	605
10067	10593	604
10067	10263	48
10067	10399	1146
10067	10496	328
10067	10679	1094
10067	11026	188
10067	11208	16
10075	10128	60
10075	10163	60
10075	10198	330
10075	10246	712
10075	10447	16
10075	10709	6
10075	9286	4
10075	10535	474
10075	10586	226
10075	10331	60
10075	10660	52
10075	10917	48
10075	10344	38
10075	10605	90
10075	10593	180
10075	10263	60
10075	10399	788
10075	10496	220
10075	10679	734
10075	11026	398
10075	11208	24
10128	10163	60
10128	10198	330
10128	10246	712
10128	10447	16
10128	10709	6
10128	9286	4
10128	10535	472
10128	10586	226
10128	10331	60
10128	10660	52
10128	10769	50
10128	10917	48
10128	10344	60
10128	10605	90
10128	10593	180
10128	10263	60
10128	10399	832
10128	10496	220
10128	10679	736
10128	11026	430
10128	11135	36
10128	11130	36
10128	11279	36
10128	11208	400
10163	10198	228
10163	10246	494
10163	10447	16
10163	10535	20
10163	10586	496
10163	10331	60
10163	10660	174
10163	10769	50
10163	10917	50
10163	10344	60
10163	10605	202
10163	10593	334
10163	10263	60
10163	10399	832
10163	10496	250
10163	10679	832
10163	11026	528
10163	11135	50
10163	11130	50
10163	11279	50
10163	11208	528
10198	10901	56
10198	10246	60
10198	10699	56
10198	10709	56
10198	10993	56
10198	9286	9
10198	11346	56
10198	11579	56
10198	11054	986
10198	10535	12
10198	10586	16
10198	10331	2338
10198	10660	8
10198	10344	788
10198	10605	9
10198	10593	6
10198	10263	14
10198	10399	16
10198	10496	4
10198	10679	18
10198	11026	18352
10901	10246	2590
10901	10384	74
10901	10447	804
10901	10699	56
10901	10709	56
10901	10993	60
10901	11014	60
10901	11346	60
10901	11579	60
10901	11746	60
10901	11054	60
10901	11205	60
10901	11420	60
10901	11329	140
10901	11583	60
10901	10660	132
10901	10769	52
10901	11291	608
10901	11279	602
10246	10699	1765
10246	10709	924
10246	10993	716
10246	11014	716
10246	11346	504
10246	11579	504
10246	11746	508
10246	11054	716
10246	11205	241
10246	11064	626
10246	11274	508
10246	11420	508
10246	11329	17
10246	11583	508
10246	10535	10
10246	10586	16
10246	10331	7088
10246	10660	8
10246	10344	788
10246	10605	7
10246	10593	6
10246	10263	298
10246	10399	312
10246	10496	94
10246	10679	36
10246	11026	16
10246	11208	16
10384	10699	32
10384	10709	1
10384	10993	1
10384	10929	1
10384	10929	1
10384	10929	1
10384	11014	18
10384	9286	16
10384	10821	1
10384	11054	1
10384	11064	1
10384	11364	9
10384	9288	1
10384	10892	1
10384	10769	1
10384	10917	1
10384	11135	1
10384	11291	14
10384	11130	1
10384	11279	7
10384	11431	269
10447	10699	1026
10447	10709	2
10447	10993	2
10447	10929	2
10447	10929	2
10447	10929	2
10447	11014	2
10447	9286	69
10447	10821	2
10447	11346	1
10447	11579	1
10447	11746	1
10447	11054	2
10447	11205	1
10447	11064	1
10447	11274	1
10447	11420	1
10447	11329	1
10447	11364	3
10447	11583	1
10447	10535	267
10447	10586	11
10447	10331	17
10447	9288	2
10447	10892	2
10447	10769	2
10447	10917	2
10447	10344	18
10447	10605	8
10447	10593	6
10447	10263	15
10447	10399	116
10447	10496	5
10447	10679	15
10447	11026	17
10447	11135	2
10447	11291	1279
10447	11130	2
10447	11279	2
10447	11431	2
10699	10709	60
10699	10993	56
10699	11346	56
10699	11579	56
10699	11054	994
10699	10660	148
10699	11026	3893
10709	10535	8
10709	10331	8
10709	10660	200
10709	10344	8
10993	11014	60
10993	11346	60
10993	11579	60
10993	11054	60
10993	11205	60
10993	11329	138
10993	10660	132
10993	10769	52
10993	11291	604
10993	11279	588
10929	10929	60
10929	10929	60
10929	9286	50
10929	10821	60
10929	11364	14214
10929	10660	62
10929	9288	60
10929	10892	60
10929	10769	5608
10929	10917	60
10929	11135	60
10929	11291	4858
10929	11130	60
10929	11279	60
10929	11208	40
10929	11431	61
10929	10929	60
10929	9286	50
10929	10821	60
10929	11364	14214
10929	10660	62
10929	9288	60
10929	10892	60
10929	10769	5608
10929	10917	60
10929	11135	60
10929	11291	4858
10929	11130	60
10929	11279	60
10929	11208	40
10929	11431	61
10929	9286	50
10929	10821	60
10929	11364	14214
10929	10660	62
10929	9288	60
10929	10892	60
10929	10769	5608
10929	10917	60
10929	11135	60
10929	11291	4858
10929	11130	60
10929	11279	60
10929	11208	40
10929	11431	61
11014	11054	60
11014	11329	138
11014	10660	132
11014	10769	52
11014	11291	596
11014	11279	574
9286	10821	50
9286	11468	3864
9286	11364	5632
9286	11452	3896
9286	11452	3896
9286	11541	12928
9286	10331	4
9286	10660	6502
9286	9288	50
9286	10892	50
9286	10769	3834
9286	10917	50
9286	10344	16
9286	10605	6
9286	10593	12
9286	10399	38
9286	10496	12
9286	10679	38
9286	11026	728
9286	11135	50
9286	11291	4050
9286	11130	50
9286	11279	50
9286	11208	226
9286	11431	208
10821	11468	5366
10821	11364	1444
10821	11452	4963
10821	11452	4963
10821	11541	12674
10821	10660	64
10821	9288	60
10821	10892	60
10821	10769	5608
10821	10917	60
10821	11135	60
10821	11291	4858
10821	11130	60
10821	11279	60
10821	11208	40
10821	11431	21
11346	11579	60
11346	11746	60
11346	11205	60
11346	11274	60
11346	11420	60
11346	11329	264
11346	11364	398
11346	11583	60
11346	11860	227
11346	10892	2190
11346	10917	2194
11346	11026	530
11346	11135	2194
11346	11291	1448
11346	11130	2202
11346	11279	1444
11346	11208	220
11346	11431	3247
11346	11972	1
11346	12012	227
11579	11746	60
11579	11205	60
11579	11274	60
11579	11420	60
11579	11329	264
11579	11364	398
11579	11583	60
11579	11860	140
11579	11870	136
11579	10892	2190
11579	10917	2194
11579	11026	530
11579	11135	2194
11579	11291	1448
11579	11130	2202
11579	11279	1444
11579	11208	220
11579	11431	3247
11579	9279	1527
11579	11972	218
11579	12012	140
11579	12132	922
11579	12277	1527
11746	11205	60
11746	11274	60
11746	11420	60
11746	11468	10441
11746	11364	53970
11746	11583	60
11746	11860	48
11746	11870	48
11746	11878	2
11746	10892	2164
11746	10917	2170
11746	11026	522
11746	11135	2170
11746	11291	1440
11746	11130	2178
11746	11279	1432
11746	11208	218
11746	9279	36
11746	11972	6
11746	12012	48
11746	12132	48
11746	12277	36
11746	12153	7177
11746	22002	1956
11746	12248	2640
11746	12610	1885
11746	9971	2640
11746	13535	50
11054	11205	60
11054	11064	60
11054	11329	100
11054	10660	132
11054	10769	52
11054	11135	174
11054	11291	304
11054	11130	174
11054	11279	290
11205	11274	60
11205	11420	60
11205	11329	264
11205	11364	398
11205	11583	60
11205	10892	2088
11205	10917	2096
11205	11026	524
11205	11135	2096
11205	11291	1408
11205	11130	2102
11205	11279	1404
11205	11208	218
11205	11431	3223
11064	11329	100
11064	10660	34
11064	11135	174
11064	11291	304
11064	11130	174
11064	11279	292
11064	11208	110
11274	11420	60
11274	11329	266
11274	11364	400
11274	11583	60
11274	10892	2198
11274	10917	2202
11274	11026	530
11274	11135	2202
11274	11291	1458
11274	11130	2210
11274	11279	1450
11274	11208	220
11274	11431	3242
11420	11329	264
11420	11364	394
11420	11583	60
11420	11860	48
11420	11870	44
11420	11878	1114
11420	10892	2188
11420	10917	2194
11420	11026	530
11420	11135	2194
11420	11291	1452
11420	11130	2202
11420	11279	1444
11420	11208	220
11420	11431	60404
11420	9279	355
11420	11972	6
11420	12012	48
11420	12132	116
11420	12277	355
11329	10660	22
11329	10892	8680
11329	10769	282
11329	10917	8944
11329	11026	2680
11329	11135	8944
11329	11291	25510
11329	11130	17750
11329	11279	13680
11329	11208	2288
11329	11431	66
11468	11364	60
11468	11452	25
11468	11452	25
11468	11583	10382
11468	11541	4378
11468	10660	60
11468	9288	5374
11468	10892	6686
11468	10769	1862
11468	10917	6686
11468	11026	13752
11468	11135	6686
11468	11291	1822
11468	11130	6698
11468	11279	1822
11468	11208	504
11364	11452	51
11364	11452	51
11364	11583	53970
11364	11541	4528
11364	10660	64
11364	9288	6026
11364	10892	6038
11364	10769	1882
11364	10917	6048
11364	11026	386
11364	11135	6048
11364	11291	1638
11364	11130	6066
11364	11279	1638
11364	11208	226
11364	11431	2
11452	11452	60
11452	11583	12934
11452	11541	5086
11452	10660	62
11452	9288	4971
11452	10892	21581
11452	10769	4702
11452	10917	7455
11452	11026	1032
11452	11135	7455
11452	11291	6658
11452	11130	7533
11452	11279	6658
11452	22600	36
11452	11540	32
11452	11208	6650
11452	11431	1791
11452	11583	12934
11452	11541	5086
11452	10660	62
11452	9288	4971
11452	10892	4975
11452	10769	4702
11452	10917	7455
11452	11026	1032
11452	11135	7455
11452	11291	6658
11452	11130	7533
11452	11279	6658
11452	22600	36
11452	11540	32
11452	11208	6650
11452	11431	1791
11583	11860	48
11583	11870	48
11583	11878	21620
11583	10892	2164
11583	10917	2170
11583	11026	522
11583	11135	2170
11583	11291	1440
11583	11130	2178
11583	11279	1432
11583	11208	218
11583	9279	32
11583	11972	6
11583	12012	48
11583	12132	48
11583	12277	32
11860	11870	60
11860	11878	2
11860	9279	36
11860	11972	11
11860	12012	60
11860	12132	60
11860	12277	36
11860	12222	5402
11860	12918	94
11860	12153	949
11860	22002	310
11860	12248	528
11860	12866	53
11860	12447	91
11860	12464	92
11860	12962	55
11860	12459	55
11860	12610	287
11860	9971	528
11860	13368	30
11860	13245	54
11860	13293	45
11860	13535	52
11860	13547	27
11860	13474	27
11860	13550	27
11860	13556	26
11541	10660	338
11541	9288	12960
11541	10892	13430
11541	10769	5424
11541	10917	13696
11541	11135	13696
11541	11291	25038
11541	11130	14240
11541	11279	25010
11541	11208	1406
11870	11878	34
11870	9279	36
11870	11972	10
11870	12012	60
11870	12132	60
11870	12277	36
10535	10586	34
10535	10331	498
10535	10660	36
10535	10344	446
10535	10605	104
10535	10593	70
10535	10263	16
10535	10399	168
10535	10496	50
10535	10679	176
10535	11026	240
10535	11208	592
10586	10331	226
10586	10660	1072
10586	10344	230
10586	10605	740
10586	10593	1476
10586	10263	476
10586	10399	3572
10586	10496	1090
10586	10679	3688
10586	11026	2248
10331	10660	50
10331	10344	38
10331	10605	826
10331	10593	860
10331	10263	48
10331	10399	1148
10331	10496	666
10331	10679	2218
10331	11026	496
10331	11208	34
10660	9288	62
10660	10892	62
10660	10769	172
10660	10917	60
10660	10344	52
10660	10605	118
10660	10593	236
10660	10263	170
10660	10399	574
10660	10496	174
10660	10679	588
10660	11026	274
10660	11135	62
10660	11291	62
10660	11130	62
10660	11279	76
10660	11431	750
9288	10892	60
9288	10769	2152
9288	10917	60
9288	11135	60
9288	11291	4858
9288	11130	60
9288	11279	60
9288	11431	476
10892	10769	6348
10892	10917	60
10892	10679	50
10892	11026	60
10892	11135	60
10892	11291	4858
10892	11130	60
10892	11279	60
10892	11208	60
10892	11431	21
10769	10917	44
10769	10344	2
10769	10605	20
10769	10593	24
10769	10263	524
10769	10399	60
10769	10496	18
10769	10679	60
10769	11026	44
10769	11135	44
10769	11291	5428
10769	11130	44
10769	11279	44
10769	11208	44
10769	11431	722
10917	10344	26
10917	10605	23
10917	10593	20
10917	10263	238
10917	10399	50
10917	10496	14
10917	10679	50
10917	11026	60
10917	11135	60
10917	11291	60
10917	11130	60
10917	11279	60
10917	11208	60
10917	11431	23
10344	10605	18
10344	10593	16
10344	10263	60
10344	10399	1186
10344	10496	12
10344	10679	38
10344	11026	38
10344	11208	38
10605	10593	11
10605	10263	385
10605	10399	28
10605	10496	9
10605	10679	28
10605	11026	28
10605	11135	4
10605	11130	4
10605	11279	4
10605	11208	28
10593	10263	454
10593	10399	24
10593	10496	8
10593	10679	24
10593	11026	24
10593	11135	14
10593	11130	14
10593	11279	14
10593	11208	24
10263	10399	830
10263	10496	248
10263	10679	830
10263	11026	520
10263	11135	242
10263	11130	242
10263	11279	242
10263	11208	520
10399	10496	18
10399	10679	60
10399	11026	60
10399	11135	50
10399	11130	50
10399	11279	50
10399	11208	60
10496	10679	18
10496	11026	18
10496	11135	14
10496	11130	14
10496	11279	14
10496	11208	18
10679	11026	60
10679	11135	50
10679	11291	32
10679	11130	50
10679	11279	50
10679	11208	60
10679	11431	9
11026	11135	60
11026	11291	60
11026	11130	60
11026	11279	60
11026	11208	60
11135	11291	60
11135	11130	60
11135	11279	60
11135	11208	60
11135	11431	20
11291	11130	60
11291	11279	60
11291	11540	74073
11291	11208	60
11291	11431	21
11130	11279	60
11130	11208	60
11130	11431	18
11279	11540	32590
11279	11208	60
11279	11431	15
22603	22600	129408
22603	21998	34346
22603	11540	16518
22603	11762	34346
22603	11694	22800
22600	21998	5664
22600	11540	16518
22600	11762	5664
22600	11694	15550
21998	11540	46
21998	11762	60
21998	11922	50
21998	11694	60
21998	11431	10092
11540	11762	46
11540	11922	40
11540	11694	44
11540	11208	109742
11540	11431	130612
11926	11928	42
11762	11922	50
11762	11694	60
11762	11431	40
11922	11694	60
11922	11431	58
11922	11928	28
11922	22002	110402
11922	12248	4332
11922	9971	4332
11694	11431	60
11208	11431	40
9279	11972	20
9279	12012	36
9279	12132	36
9279	12277	60
9279	12222	60
9279	12294	2312
9279	12735	3460
9279	12734	3460
9279	12918	153
9279	12153	12
9279	12866	63
9279	12447	142
9279	12464	145
9279	12962	50
9279	12459	50
9279	13368	27
9279	13245	50
9279	13293	41
9279	13535	41
9279	13672	22
9279	13673	22
9279	13647	22
9279	13547	24
9279	13623	22
9279	13664	22
9279	13638	22
9279	13474	24
9279	13550	24
9279	13556	24
11972	12012	10
11972	12132	10
11972	12277	20
11972	12222	1108
11972	13676	44
11972	12153	18968
11972	12866	989
11972	12962	1
11972	13368	11
11972	13293	18
11972	13535	34
11972	13672	48
11972	13673	39
11972	13647	45
11972	13547	9
11972	13623	23
11972	13664	23
11972	13638	23
11972	13474	7
11972	13550	7
11972	13556	7
12012	12132	60
12012	12277	36
12012	12222	15488
12012	12294	1382
12012	12918	158
12012	12153	51354
12012	22002	19498
12012	12248	20850
12012	12866	76
12012	12447	152
12012	12464	153
12012	12962	52
12012	12459	52
12012	12610	18946
12012	9971	20850
12012	13368	27
12012	13245	50
12012	13293	42
12012	13535	45
12012	13547	24
12012	13474	25
12012	13550	25
12012	13556	24
12132	12277	36
12132	12222	36
12132	12294	1384
12132	12918	162
12132	12153	51354
12132	22002	21190
12132	12248	21634
12132	12866	76
12132	12447	155
12132	12464	157
12132	12962	52
12132	12459	52
12132	12610	18952
12132	9971	21634
12132	13368	27
12132	13245	51
12132	13293	42
12132	13535	45
12132	13547	25
12132	13474	26
12132	13550	26
12132	13556	24
12277	12222	60
12277	12294	2312
12277	12735	3460
12277	12734	3460
12277	12918	305
12277	12153	12
12277	12866	63
12277	12447	142
12277	12464	145
12277	12962	50
12277	12459	50
12277	13368	27
12277	13245	50
12277	13293	41
12277	13535	41
12277	13672	22
12277	13673	22
12277	13647	22
12277	13547	24
12277	13623	22
12277	13664	22
12277	13638	22
12277	13474	24
12277	13550	24
12277	13556	24
12222	12294	2312
12222	12918	153
12222	12153	12
12222	12866	63
12222	12447	142
12222	12464	145
12222	12962	50
12222	12459	50
12222	13368	27
12222	13245	50
12222	13293	41
12222	13535	41
12222	13672	22
12222	13673	22
12222	13647	22
12222	13547	24
12222	13623	22
12222	13664	22
12222	13638	22
12222	13474	24
12222	13550	24
12222	13556	24
12294	12918	384
12294	12153	4978
12294	12866	3268
12294	12447	701
12294	12464	702
12294	12962	515
12294	12459	514
12294	12446	112
12294	13044	34
12294	12445	112
12294	13161	156
12294	13180	52
12294	13368	213
12294	13245	514
12294	13293	408
12294	13535	121
12294	13672	207
12294	13673	207
12294	13647	207
12294	13547	209
12294	13623	207
12294	13664	207
12294	13638	207
12294	13373	44
12294	13474	211
12294	13550	211
12294	13556	207
12735	12734	60
12735	12726	60
12735	12394	60
12735	13029	60
12735	13121	60
12735	12918	231
12735	13676	31
12735	12153	22878
12735	22002	6088
12735	12248	7086
12735	12710	6092
12735	12866	27
12735	12447	62
12735	12464	62
12735	12962	101
12735	12459	100
12735	12610	6092
12735	9971	7086
12735	13368	51
12735	13245	98
12735	13293	78
12735	13535	28
12735	13672	46
12735	13673	46
12735	13647	46
12735	13547	48
12735	13623	46
12735	13664	46
12735	13638	46
12735	13474	50
12735	13550	50
12735	13556	48
12734	12726	60
12734	12394	60
12734	13029	60
12734	13121	60
12734	12918	66
12734	13676	31
12734	12153	22878
12734	22002	6088
12734	12248	7086
12734	12710	6092
12734	12866	27
12734	12447	62
12734	12464	62
12734	12962	101
12734	12459	100
12734	12610	6092
12734	9971	7086
12734	13368	51
12734	13245	98
12734	13293	78
12734	13535	28
12734	13672	46
12734	13673	46
12734	13647	46
12734	13547	48
12734	13623	46
12734	13664	46
12734	13638	46
12734	13474	50
12734	13550	50
12734	13556	48
12726	12394	60
12726	13029	60
12726	13121	60
12726	12918	66
12726	13676	31
12726	12153	22878
12726	22002	6088
12726	12248	7086
12726	12710	6092
12726	12866	70
12726	12447	62
12726	12464	62
12726	12962	101
12726	12459	100
12726	12610	6092
12726	9971	7086
12726	13368	51
12726	13245	98
12726	13293	78
12726	13535	28
12726	13672	46
12726	13673	46
12726	13647	46
12726	13547	48
12726	13623	46
12726	13664	46
12726	13638	46
12726	13474	50
12726	13550	50
12726	13556	48
12394	13029	60
12394	13121	60
12394	12918	211
12394	13676	21
12394	12153	22174
12394	22002	6046
12394	12248	7000
12394	12710	6050
12394	12866	24
12394	12447	47
12394	12464	47
12394	12610	6050
12394	9971	7000
12394	13535	20
13029	13121	60
13029	13676	10
13029	12153	18694
13029	22002	5608
13029	12248	6242
13029	12710	5554
13029	12962	31
13029	12610	5612
13029	12446	7
13029	13044	3
13029	9971	6242
13029	13672	11
13121	13676	10
13121	12962	25
13121	12446	6
13121	13044	2
13121	13672	11
12918	12153	81
12918	22002	74
12918	12248	307
12918	12866	6072
12918	12447	25644
12918	12464	24252
12918	12962	1678
12918	12459	20468
12918	12610	74
12918	12446	271
12918	13044	60
12918	12445	1737
12918	13161	19864
12918	13180	81
12918	9971	307
12918	13368	518
12918	13245	20172
12918	13293	640
12918	13535	142
12918	13672	436
12918	13673	436
12918	13647	436
12918	13547	468
12918	13623	436
12918	13664	436
12918	13638	436
12918	13474	474
12918	13550	474
12918	13556	476
13676	12710	453
13676	12866	457
13676	12447	136
13676	12464	136
13676	12962	136
13676	12459	134
13676	12610	4
13676	12446	214
13676	12445	216
13676	13161	238
13676	13180	8022
13676	13368	56
13676	13245	132
13676	13293	396
13676	13535	60
13676	13672	60
13676	13673	60
13676	13647	60
13676	13547	60
13676	13623	60
13676	13664	60
13676	13638	60
13676	13373	42
13676	13474	60
13676	13550	60
13676	13556	60
12153	22002	60
12153	12710	60
12153	12866	4079
12153	12447	727
12153	12464	755
12153	12962	510
12153	12459	532
12153	12610	60
12153	12446	106
12153	12445	106
12153	13161	60
12153	13368	220
12153	13245	508
12153	13293	427
12153	13535	120
12153	13672	211
12153	13673	211
12153	13647	211
12153	13547	216
12153	13623	211
12153	13664	211
12153	13638	211
12153	13474	1846
12153	13550	1846
12153	13556	183
22002	12710	60
22002	12866	4079
22002	12447	56
22002	12464	56
22002	12962	94
22002	12459	92
22002	12610	60
22002	13368	50
22002	13245	93
22002	13293	74
22002	13535	25
22002	13672	44
22002	13673	44
22002	13647	44
22002	13547	47
22002	13623	44
22002	13664	44
22002	13638	44
22002	13474	422
22002	13550	422
22002	13556	42
12248	12866	738
12248	12447	1010
12248	12464	1064
12248	12962	519
12248	12459	560
12248	12446	116
12248	12445	116
12248	13161	72
12248	9971	60
12248	13368	194
12248	13245	496
12248	13293	393
12248	13535	74
12248	13672	165
12248	13673	165
12248	13647	165
12248	13547	176
12248	13623	165
12248	13664	165
12248	13638	165
12248	13474	1363
12248	13550	1363
12248	13556	135
12710	12866	56
12710	12962	622
12710	12459	599
12710	12610	60
12710	12446	67
12710	13044	16
12710	12445	67
12710	13161	87
12710	13180	21
12710	13368	523
12710	13245	618
12710	13293	498
12710	13535	390
12710	13672	453
12710	13673	453
12710	13647	453
12710	13547	487
12710	13623	453
12710	13664	453
12710	13638	453
12710	13373	27
12710	13474	68
12710	13550	68
12710	13556	82
12866	12962	632
12866	12459	614
12866	12610	148
12866	12446	68
12866	13044	16
12866	12445	68
12866	13161	88
12866	13180	22
12866	9971	738
12866	13368	536
12866	13245	632
12866	13293	511
12866	13535	393
12866	13672	457
12866	13673	457
12866	13647	457
12866	13547	494
12866	13623	457
12866	13664	457
12866	13638	457
12866	13373	28
12866	13474	69
12866	13550	69
12866	13556	83
12447	12464	60
12447	12962	48
12447	12459	56
12447	12446	5844
12447	12445	5846
12447	13161	56
12447	13180	9770
12447	9971	1010
12447	13368	168
12447	13245	56
12447	13293	328
12447	13535	88
12447	13672	136
12447	13673	136
12447	13647	136
12447	13547	150
12447	13623	136
12447	13664	136
12447	13638	136
12447	13373	2642
12447	13474	152
12447	13550	152
12447	13556	152
12464	12962	56
12464	12459	56
12464	12446	5846
12464	12445	5848
12464	13161	56
12464	13180	9780
12464	9971	1064
12464	13368	170
12464	13245	56
12464	13293	328
12464	13535	88
12464	13672	136
12464	13673	136
12464	13647	136
12464	13547	152
12464	13623	136
12464	13664	136
12464	13638	136
12464	13373	2644
12464	13474	152
12464	13550	152
12464	13556	152
12962	12459	60
12962	12446	1326
12962	12445	1326
12962	13161	13586
12962	13180	31050
12962	9971	519
12962	13368	182
12962	13245	56
12962	13293	106
12962	13535	83
12962	13672	136
12962	13673	136
12962	13647	136
12962	13547	154
12962	13623	136
12962	13664	136
12962	13638	136
12962	13373	666
12962	13474	98
12962	13550	98
12962	13556	67
12459	12446	5850
12459	12445	5852
12459	13161	56
12459	13180	9802
12459	9971	560
12459	13368	180
12459	13245	60
12459	13293	106
12459	13535	83
12459	13672	134
12459	13673	134
12459	13647	134
12459	13547	152
12459	13623	134
12459	13664	134
12459	13638	134
12459	13373	2650
12459	13474	156
12459	13550	156
12459	13556	156
12610	13535	16
12610	13672	4
12610	13673	4
12610	13647	4
12610	13547	4
12610	13623	4
12610	13664	4
12610	13638	4
12610	13474	4
12610	13550	4
12610	13556	4
12446	12445	60
12446	13161	56
12446	13180	9110
12446	9971	116
12446	13368	302
12446	13245	7278
12446	13293	1304
12446	13535	88
12446	13672	214
12446	13673	214
12446	13647	214
12446	13547	248
12446	13623	214
12446	13664	214
12446	13638	214
12446	13373	560
12446	13474	2
12446	13550	2
12446	13556	2
13044	13180	87726
13044	13535	77
13044	13373	84368
13044	13474	2
13044	13550	2
13044	13556	2
12445	13161	56
12445	13180	26080
12445	9971	116
12445	13368	302
12445	13245	7278
12445	13293	1304
12445	13535	88
12445	13672	216
12445	13673	216
12445	13647	216
12445	13547	248
12445	13623	216
12445	13664	216
12445	13638	216
12445	13373	722
12445	13474	256
12445	13550	256
12445	13556	256
13161	13180	39540
13161	9971	72
13161	13368	340
13161	13245	48490
13161	13293	1730
13161	13535	88
13161	13672	238
13161	13673	238
13161	13647	238
13161	13547	280
13161	13623	238
13161	13664	238
13161	13638	238
13161	13373	8654
13161	13474	286
13161	13550	286
13161	13556	286
13180	13368	6236
13180	13245	10748
13180	13293	2662
13180	13535	4679
13180	13672	8022
13180	13673	8022
13180	13647	8022
13180	13547	8058
13180	13623	8022
13180	13664	8022
13180	13638	8022
13180	13373	42
13180	13474	6
13180	13550	3706
13180	13556	3703
9971	13368	194
9971	13245	496
9971	13293	393
9971	13535	74
9971	13672	165
9971	13673	165
9971	13647	165
9971	13547	176
9971	13623	165
9971	13664	165
9971	13638	165
9971	13474	1363
9971	13550	1363
9971	13556	135
13368	13245	172
13368	13293	496
13368	13535	3991
13368	13672	56
13368	13673	56
13368	13647	56
13368	13547	60
13368	13623	56
13368	13664	56
13368	13638	56
13368	13373	40
13368	13474	60
13368	13550	60
13368	13556	60
13245	13293	100
13245	13535	82
13245	13672	132
13245	13673	132
13245	13647	132
13245	13547	148
13245	13623	132
13245	13664	132
13245	13638	132
13245	13373	196
13245	13474	150
13245	13550	150
13245	13556	150
13293	13535	86
13293	13672	396
13293	13673	396
13293	13647	396
13293	13547	438
13293	13623	396
13293	13664	396
13293	13638	396
13293	13373	540
13293	13474	444
13293	13550	444
13293	13556	444
13535	13672	60
13535	13673	60
13535	13647	60
13535	13547	60
13535	13623	60
13535	13664	60
13535	13638	60
13535	13373	32
13535	13474	60
13535	13550	60
13535	13556	60
13672	13673	60
13672	13647	60
13672	13547	60
13672	13623	60
13672	13664	60
13672	13638	60
13672	13373	42
13672	13474	60
13672	13550	60
13672	13556	60
13673	13647	60
13673	13547	60
13673	13623	60
13673	13664	60
13673	13638	60
13673	13373	42
13673	13474	60
13673	13550	60
13673	13556	60
13647	13547	60
13647	13623	60
13647	13664	60
13647	13638	60
13647	13373	42
13647	13474	60
13647	13550	60
13647	13556	60
13547	13623	60
13547	13664	60
13547	13638	60
13547	13373	42
13547	13474	60
13547	13550	60
13547	13556	60
13623	13664	60
13623	13638	60
13623	13373	42
13623	13474	60
13623	13550	60
13623	13556	60
13664	13638	60
13664	13373	42
13664	13474	60
13664	13550	60
13664	13556	60
13638	13373	42
13638	13474	60
13638	13550	60
13638	13556	60
13373	13474	42
13373	13550	42
13373	13556	42
13474	13550	60
13474	13556	60
13550	13556	60
