761	92	1838
3452	2723	2724	2.462764
3453	2725	2726	3.979302
3462	2740	2741	0.713285
3467	2748	2749	3.458211
3471	2754	2755	25.53405
3473	2724	2757	10.44128
3474	2757	2758	0.607898
3475	2759	2754	4.781753
3490	2781	2810	1.623904
3491	2783	2784	2.48936
3497	2793	2794	11.611217
3500	2799	2800	1.175218
3502	2802	2803	6.159751
3503	2804	2816	7.615093
3505	2807	2808	0.813189
3506	2809	2810	1.392349
3509	2813	2799	1.223965
3511	2816	2817	3.359435
3513	2818	2819	13.809317
3514	2820	2821	18.852253
3516	2824	2825	2.305253
3518	2828	2829	26.140507
3522	2835	2836	3.323888
3524	2839	2840	11.151206
3525	2841	2842	40.3395
3526	2843	2844	2.839921
3530	2851	2852	1.833323
3532	2855	2856	22.070061
3533	2857	2856	8.881417
3666	2964	2654	34.68926
3769	3012	2739	9.230512
3772	3044	2749	10.55611
3778	2749	3049	25.345364
3792	3060	3049	2.373577
3802	2755	3067	6.648096
3804	3069	3060	5.541461
3805	3069	3070	3.076991
3806	2726	3012	36.709007
3811	3075	3044	6.181228
3817	3067	2740	4.90281
3818	3070	3079	4.156885
3819	3079	2723	6.877276
3824	2758	2759	5.05371
3836	3089	3069	8.338605
3840	3093	2726	3.631639
3842	2739	2964	25.106956
3843	3095	2725	9.026284
3845	3098	2758	1.731182
3853	3105	3075	5.611906
3854	3105	2748	2.907536
3857	3108	3089	10.010398
3860	3109	3106	1.726579
3861	3110	3060	5.593068
3865	3075	3109	4.436296
3866	3110	3114	3.711843
3870	3117	2741	7.381263
3871	3117	3118	7.4607
3872	3105	3110	8.937362
3878	3124	2724	4.71659
3879	3124	3125	0.376622
3885	3123	3129	0.841594
3887	3131	3132	3.325308
3897	3117	3141	2.597171
3898	3142	3098	3.156223
3906	3165	3131	4.738416
3907	3142	3152	1.060806
3910	3129	3154	1.582492
3914	3158	3164	3.795093
3916	3125	3142	7.309578
3917	3152	3160	4.612239
3918	3161	3095	4.32199
3923	3143	3164	4.006014
3927	3143	3123	6.605959
3931	3160	3169	2.018847
3933	3132	3170	1.38871
3937	3114	3173	8.284185
3938	3173	3108	4.272055
3939	3174	3093	13.78651
3940	3175	3165	3.143835
3951	3182	3169	1.137046
3952	3183	3117	2.467371
3953	3169	3184	7.252593
3954	3185	3158	2.503929
3955	3106	3185	4.702978
3960	3189	3175	7.069329
3961	3183	3190	0.989162
3962	3173	3124	13.384273
3966	3170	3192	1.789429
3973	3192	3161	3.546881
3975	3165	3199	2.223054
3980	3203	3105	16.57128
3985	3184	3207	9.61884
3991	3212	3182	3.577009
3996	3216	3183	4.525393
3997	3217	3189	4.578373
3998	3185	3218	4.229497
3999	3207	3216	2.270142
4006	3224	3125	6.431215
4009	3226	3217	0.496817
4011	3228	3217	1.767341
4016	3190	3232	6.140395
4017	3232	3233	0.860556
4019	3154	3235	4.529945
4020	3236	3228	0.856389
4023	3235	3236	0.724543
4024	3182	3239	4.803547
4025	3239	3207	9.140416
4026	3240	3212	3.624525
4030	22166	3235	0.518147
4032	3240	3245	1.971941
4033	3245	3212	2.706384
4034	3245	3239	3.280181
4035	3226	3246	1.076631
4036	3228	3246	1.923559
4037	3247	3226	2.345709
4040	22164	3236	1.489631
4041	22166	22164	1.066796
4043	3251	3224	2.872966
4046	3199	3253	5.905383
4050	3170	3256	11.374059
4051	3199	3256	5.623101
4052	3257	3246	0.968365
4053	22164	3257	1.422091
4054	3251	3258	0.917298
4055	3258	3240	3.295919
4056	3259	3247	1.06716
4057	3246	3259	1.291283
4064	3218	3267	8.090421
4068	3270	3245	2.04187
4073	3259	3274	2.243382
4080	3233	3280	6.807905
4081	22713	3143	13.330825
4082	3267	22713	2.587112
4083	22319	22713	0.397373
4090	3288	3216	31.492865
4093	3256	3291	3.62616
4094	3253	3292	8.961328
4095	3274	3293	1.714654
4098	3265	3296	2.314156
4099	3293	3296	1.015315
4100	3297	3259	3.165717
4101	3296	3298	1.288694
4106	3292	3298	3.594944
4109	3304	3291	0.741363
4112	3293	3306	0.895969
4117	3310	3203	11.577575
4118	3311	22319	2.099347
4119	3310	3311	3.561084
4122	3306	3313	2.006328
4128	22166	3317	3.833227
4132	3216	3321	9.067376
4133	3322	22164	5.150531
4135	3280	3324	6.130784
4137	3325	3280	4.865949
4140	3239	3328	7.948213
4141	3328	3288	11.375872
4143	3330	3293	2.132741
4150	3304	3355	2.819672
4151	3311	3335	2.987927
4152	3335	3310	1.914021
4158	3341	3297	2.946154
4159	3342	3330	5.830143
4160	3343	3310	2.140393
4170	3350	3325	2.024701
4171	3351	3335	1.041755
4172	3343	3351	1.140766
4176	3355	3161	11.770021
4178	3356	3342	4.472097
4179	3313	3341	5.686258
4181	3358	2739	32.134887
4182	3358	3174	48.755634
4184	3360	3270	17.744873
4185	3360	3328	7.887008
4186	3322	3361	3.136648
4189	3363	3343	6.834054
4190	3321	3364	4.418665
4192	3355	3366	0.89704
4193	3356	3366	4.152205
4194	3364	3350	4.841302
4195	3341	3367	2.967502
4196	3361	3367	0.417548
4197	3355	3368	2.000227
4198	3366	3368	1.494962
4200	3370	3251	11.804502
4201	3371	3360	3.542325
4202	3367	3372	0.638012
4212	3372	3377	0.820847
4216	3370	3363	4.710457
4217	3317	3379	3.012572
4221	3377	3379	2.475153
4228	3368	3385	1.459544
4231	3387	3330	2.218226
4235	3390	3391	5.343932
4238	3395	3363	12.803472
4242	3399	3387	5.50946
4249	3356	3406	5.078567
4257	3385	3414	4.277276
4260	3358	3417	8.690557
4262	3379	3419	1.49349
4264	3406	3422	1.394089
4267	3417	3390	9.664596
4270	3426	3390	11.198803
4272	3391	3428	6.564709
4273	3427	3428	2.756889
4274	22319	3429	11.731126
4275	3429	3430	3.133387
4277	3351	3432	7.669057
4279	3419	3413	3.735838
4281	3413	3399	5.924075
4283	3417	3420	3.685123
4287	3438	3366	7.039602
4288	3438	3422	1.401658
4289	3399	3438	9.839839
4294	3461	3366	8.00041
4295	3430	22163	4.367041
4301	3420	3449	2.556414
4307	3414	3427	4.251781
4308	3432	3453	2.56933
4309	3453	3395	7.475183
4310	3454	3371	7.304813
4314	3419	3457	3.862918
4326	3461	3438	6.128454
4339	3473	3426	15.49625
4340	3428	3473	2.651058
4358	3419	3485	3.665295
4365	3461	3490	3.865777
4367	3491	3385	10.383068
4368	3457	3492	13.437548
4371	3495	3370	18.766939
4372	3454	3495	4.638044
4388	3364	3507	12.309316
4395	3513	3413	8.183574
4396	3513	3485	2.905441
4400	3473	3515	11.642114
4420	3529	3530	17.537388
4421	3453	3531	10.470584
4425	3449	3535	9.769511
4427	3537	3473	10.966606
4429	3531	3529	25.289057
4431	3515	3539	3.530627
4433	3540	3515	3.415287
4436	3507	3542	3.570792
4437	3490	3543	7.449068
4439	3545	3491	6.63568
4442	3535	3539	2.96566
4443	3485	3548	7.024109
4447	3492	3552	22.849643
4449	3554	3545	0.870012
4450	3537	3555	2.622451
4455	3558	3535	1.327323
4461	3562	3537	1.685357
4463	3564	3530	20.880144
4464	3495	3564	19.197712
4465	3565	3560	11.885427
4467	3567	3554	1.783485
4468	3555	3568	2.051309
4469	3542	3569	2.490235
4470	3570	3539	3.151326
4473	3543	3572	3.040276
4475	3574	3570	1.558951
4482	3575	3580	1.606851
4496	3592	3565	17.104734
4497	3531	3592	4.077119
4498	3593	3548	3.458589
4499	3575	3593	1.310183
4501	3568	3595	4.256548
4502	3595	3545	5.877536
4503	3596	3560	1.377163
4511	3572	3602	4.458816
4518	3606	3574	0.494226
4519	3580	3607	3.401701
4520	3552	3607	21.260073
4529	3593	3607	3.909245
4544	3624	3567	18.293081
4550	3602	3629	6.77632
4558	3636	3624	2.619059
4563	3650	3540	10.540375
4564	3569	3640	7.340997
4566	3606	3642	2.584874
4569	3645	3495	22.658609
4573	3648	3636	1.893216
4574	3629	3649	4.250961
4575	3649	3648	1.898699
4576	3624	2804	3.583056
4577	3646	3650	11.074254
4578	3650	22856	2.600629
4580	3651	3595	5.690985
4581	3652	3562	7.080366
4589	3625	2802	3.969088
4592	3661	3645	11.908964
4595	3640	3661	4.828158
4596	3592	3663	5.914714
4597	3664	3596	10.776466
4602	3667	3668	0.984613
4605	2802	3667	3.366653
4606	3671	3636	5.552855
4607	3672	3652	1.686751
4611	3629	3675	3.90213
4613	3676	3646	9.43941
4614	3676	3652	2.259796
4616	3677	3558	10.669567
4617	3675	3678	1.354684
4620	2794	3645	2.409828
4624	3667	3677	6.67974
4627	3677	3687	1.990726
4631	3664	3690	1.62853
4632	3691	3678	6.55237
4636	3675	3695	3.269107
4637	3696	3676	1.315556
4644	3700	3672	7.813641
4645	3651	3700	11.713419
4659	3707	3671	6.720241
4660	3708	3661	7.693932
4661	3687	3709	2.02022
4662	2817	3651	6.259573
4663	3710	3593	9.497124
4666	3695	3712	2.494215
4669	3707	3691	15.740347
4674	3717	3712	1.02985
4675	2817	3676	12.784036
4682	3710	2807	0.816774
4683	3710	3721	13.721515
4686	3569	3724	15.363523
4687	2784	3717	3.091374
4689	3690	2809	2.839788
4691	2781	3664	7.18213
4692	3709	2800	1.844954
4697	2816	3729	1.126902
4699	3731	2783	4.981178
4702	3734	2813	9.886276
4707	3729	3707	21.899273
4709	3738	2781	2.237106
4710	3721	3739	13.965882
4713	3607	3742	14.778083
4715	2810	3742	28.559712
4717	3745	3731	7.558905
4718	3746	3642	10.975562
4721	3750	3751	3.27693
4725	3757	3758	8.667247
4727	3760	3761	5.9472
4731	3766	3767	3.448336
4736	3773	3774	13.052395
4742	3761	3779	4.720904
4743	3779	3780	13.083978
4744	3781	2816	12.376915
4747	3712	3783	11.575992
4748	3767	3784	5.82015
4755	3788	3708	44.359772
4756	3789	3788	7.295256
4763	3797	3798	6.810519
4767	3802	3803	11.519859
4768	3804	3746	8.506848
4770	3803	3734	21.387894
4771	3746	3803	0.561557
4779	2808	3766	2.430793
4781	3742	3766	0.843369
4785	3814	3745	5.139111
4786	3739	3814	8.359933
4787	3663	3760	14.302701
4788	2816	3750	3.920927
4794	3823	3696	8.145875
4798	3724	3827	10.715886
4799	3804	3773	11.098676
4800	3646	3773	29.979074
4804	2793	3830	28.466925
4808	2803	3757	10.26569
4811	3798	3696	8.954372
4817	3789	3661	15.855689
4818	3827	3789	13.853631
4825	3830	3780	15.543183
4827	3823	3836	4.572117
4840	3844	3797	1.108164
4841	3751	3844	25.603628
4844	3783	3781	15.089146
4845	3847	3738	18.811505
4850	3784	3783	51.706173
4851	3827	3851	10.216699
4855	3774	3854	11.537319
4858	3761	3857	5.014304
4860	3858	3797	34.312229
4861	3854	3859	1.216297
4862	3836	3859	7.485366
4863	3860	3859	0.325266
4864	3860	3858	1.089937
4865	3783	3861	7.158389
4882	3851	3874	1.509496
4898	3857	3886	2.322432
4900	3888	3667	20.961221
4903	3758	3888	36.246323
4908	3788	3894	5.777071
4912	3886	3897	0.271106
4915	3861	3900	11.000435
4919	3751	2818	30.220135
4924	3906	3781	10.167919
4925	3861	3906	10.502595
4935	3886	3916	9.045641
4945	3767	3919	6.961435
4946	3919	3909	4.946287
4949	3897	3847	39.297187
4950	3920	3844	7.982683
4954	3894	2820	10.52324
4961	3738	2824	15.490552
4964	2828	3906	1.743333
4966	3802	3927	13.964946
4967	3927	3860	40.231628
4972	3897	3931	3.189329
4979	3937	3938	9.867335
4986	3942	3789	18.729489
4989	3851	3942	8.604815
4994	3900	3949	16.089766
4997	3916	2835	12.578521
4999	3952	3920	5.757737
5000	2819	3952	1.597664
5003	2836	3954	1.970373
5005	3954	3937	9.341416
5011	3949	3959	3.245941
5013	3874	3961	11.155137
5021	3927	3968	12.63066
5025	2829	3973	17.442362
5026	3974	3942	3.268028
5027	3974	3961	8.215504
5028	3975	2819	5.934882
5029	3975	3973	0.217506
5031	2836	3977	4.665702
5034	3974	3980	1.092022
5037	3982	3959	2.49465
5038	3931	3983	8.817017
5039	3977	3931	11.680256
5047	3990	3920	10.684082
5051	3983	3993	1.276245
5052	3994	3961	6.554342
5053	3995	3909	23.763709
5057	3999	2828	14.336283
5058	3999	3982	1.753153
5061	2825	3995	9.895632
5065	2825	4005	12.059677
5066	4006	4005	1.205672
5074	2855	4006	5.342473
5075	3919	4013	9.000894
5076	4007	4014	0.411284
5077	4014	3999	5.052012
5087	4023	4007	6.126879
5088	4013	4023	0.347759
5090	4014	4025	1.08728
5094	3993	2857	5.460286
5095	4028	3977	5.837424
5103	2840	3994	6.988961
5104	2840	4033	7.582788
5105	3968	4034	61.215492
5106	4034	3990	9.819887
5111	4039	4040	4.454812
5113	4042	4033	8.674053
5114	4040	4042	34.981651
5115	3980	2842	13.023933
5120	2842	4047	1.216673
5122	4049	3975	8.123497
5123	4033	4050	3.870205
5130	4034	4053	42.180988
5133	4053	4049	26.497845
5135	2844	4047	1.554849
5140	2821	2851	36.752346
5144	4064	4047	5.185992
5146	3938	4065	48.303349
5147	4065	2851	8.85987
5151	4049	4067	11.088078
5152	2841	3974	7.335372
5153	2841	2839	2.021988
5155	4069	4064	2.878936
5158	4071	3993	27.75773
5159	4028	4071	12.345854
5163	4071	4075	1.216583
5164	4076	4028	9.781899
5165	4077	4078	15.647624
5166	2856	4077	0.943619
5171	4014	21873	9.610752
5172	4023	4092	7.799766
5178	4085	4069	5.545657
5181	4005	4087	11.657641
5183	2852	4089	3.764328
5184	4089	4085	1.263162
5188	4087	4091	0.225959
5190	4093	4076	1.797449
5195	4078	4091	9.646926
5197	4099	4065	4.217834
5205	4105	2841	3.690923
5206	4106	4099	0.489202
5209	4050	4108	17.210993
5210	4109	4087	2.205854
5211	4067	4110	8.979329
5212	4111	4106	0.580615
5214	4110	4113	2.053624
5219	4118	4093	2.569567
5220	4119	4113	5.261485
5221	4092	4119	4.043407
5222	4120	4039	25.506937
5227	4124	4085	11.669742
5228	4075	4125	16.967743
5230	4126	4076	5.363811
5232	4127	4128	5.599913
5233	4128	4111	3.872942
5235	4071	4130	14.531409
5238	4126	4133	0.624193
5239	4134	4127	4.166827
5240	4105	4135	11.498528
5244	4134	4139	2.930548
5245	4140	4013	25.683512
5247	4139	4126	2.700199
5257	4139	4147	1.334054
5259	4108	4149	8.87957
5261	4151	2843	20.508904
5262	4152	4149	7.118586
5268	4135	4151	28.972563
5269	4158	4118	3.511503
5270	4133	4158	4.300847
5272	4077	4160	7.264418
5276	4160	4164	0.555607
5279	4166	4152	2.95032
5280	4151	4124	30.307329
5283	4106	4168	14.293731
5284	4124	4168	15.140418
5287	4171	4105	6.938274
5288	4125	4172	20.582531
5289	4172	4158	2.21996
5292	4175	4109	21.572668
5293	4175	4140	5.780801
5294	4176	4128	12.953552
5305	4189	4190	2.175771
5309	4196	4197	23.382328
5311	4200	4201	11.633334
5312	4202	4203	11.898642
5314	4206	4207	14.447365
5324	4207	4224	1.238453
5325	4225	4226	8.187335
5326	4227	4228	8.916684
5337	4243	4244	6.881713
5341	4251	4252	1.577227
5343	4255	4256	18.453251
5357	4279	4280	12.643393
5358	4281	4280	9.911544
5368	4280	4295	0.587232
5383	4168	4319	2.040594
5385	4149	4171	28.860231
5387	4172	4321	0.941899
5400	4321	4331	2.198765
5401	4147	4332	5.368074
5405	4130	4336	24.907471
5407	4338	4120	19.561869
5412	4343	4120	24.063845
5420	4350	4134	12.038199
5421	4350	4176	5.083729
5428	4164	4355	8.452252
5429	4355	4336	2.317979
5431	4355	4357	0.24368
5435	4360	4343	4.264876
5440	4321	4365	10.140628
5441	4365	4332	10.49043
5447	4368	4357	13.047766
5449	4370	4360	3.262096
5456	4374	4338	5.275731
5460	4378	4175	15.229212
5461	4091	4378	16.585716
5462	4379	4368	9.957593
5469	4385	4378	1.386711
5472	4385	4387	1.047186
5473	4357	4387	6.745291
5479	4331	4392	10.058019
5481	4365	4394	2.912201
5484	4392	4379	9.49021
5485	4374	4396	2.60491
5488	4387	4399	4.574344
5489	4399	4379	8.468645
5493	4402	4166	31.852245
5509	4416	4402	1.735202
5516	4420	4168	43.641819
5519	4422	4360	6.95966
5520	4396	4422	4.177205
5523	4399	4424	13.572255
5526	4350	4426	11.040435
5531	4416	4171	23.933561
5539	4424	4432	24.363066
5540	4433	4426	3.772137
5546	4190	4422	3.869437
5548	4439	4416	4.074759
5549	4439	4370	27.155405
5561	4449	4394	24.672419
5588	4432	22058	21.978655
5589	4331	22058	41.536556
5596	4475	4439	5.310323
5597	4189	4475	3.346634
5604	4482	4449	9.880085
5605	4482	4433	20.39628
5614	4475	4491	1.348103
5626	4500	4482	5.070876
5628	4502	4475	2.523415
5630	4203	4502	0.212648
5634	4507	4426	13.452958
5642	4513	4420	28.883081
5663	4526	4500	3.515353
5666	4513	4507	8.559914
5667	4528	4189	17.418132
5674	22058	4534	38.275238
5687	4534	4526	26.233791
5703	4555	4502	16.458711
5708	4206	4526	6.4539
5709	4206	4507	9.337885
5718	4562	4206	1.022157
5721	4565	4562	0.235652
5733	4573	4574	0.987629
5736	4201	4576	0.545619
5741	4579	4573	0.558559
5742	4576	4579	1.152231
5755	4567	4528	13.229113
5757	4591	4565	12.148331
5758	4579	4228	1.512646
5759	4197	4591	0.575741
5761	4593	4565	3.756323
5763	4594	4555	6.292327
5769	4513	4226	14.82499
5770	4226	4573	9.285813
5775	4599	4197	1.75585
5778	4573	4594	20.213353
5779	4600	4593	3.279971
5788	4605	4225	11.111043
5791	4224	4605	9.425059
5795	4611	4196	20.127216
5796	4207	4611	1.772965
5799	4614	4227	22.653309
5804	4611	4619	1.83272
5813	4625	4200	21.013884
5814	4619	4626	2.995633
5828	4626	4638	1.576921
5829	4638	4614	5.046068
5830	4639	4571	17.905296
5831	4639	4600	6.743483
5837	4643	4639	0.666224
5841	4200	4647	19.213547
5842	4647	4648	0.699884
5855	4657	4203	28.008811
5864	4663	4625	7.737349
5865	4657	4663	0.629111
5866	4664	4202	11.357601
5875	4669	4599	30.833012
5879	4648	4673	15.754144
5883	4676	4669	3.514028
5884	4677	4571	48.416756
5886	4679	4202	9.886917
5898	4244	4690	4.590489
5900	4691	4657	7.620714
5902	4692	4673	9.681988
5904	4648	4693	16.943811
5905	4663	4692	11.93174
5906	4244	4664	14.61293
5915	4698	4643	8.874507
5922	4703	4669	23.052492
5924	4705	4643	15.093181
5925	4705	4676	10.053205
5950	4722	4677	16.173819
5951	4723	4705	14.949514
5954	4693	4725	6.611643
5956	4725	4626	35.335438
5964	4727	4691	7.10519
5965	4679	4727	8.78123
5966	4255	4703	8.882122
5969	4252	4722	7.409252
5970	4252	4698	3.61967
5973	4732	4723	6.931129
5981	4256	4725	11.64647
5984	4737	4690	7.88052
5991	4743	4251	2.323899
5992	4743	4732	7.912827
5994	4745	4256	9.869251
6003	4753	4243	3.311143
6010	4759	4727	13.664326
6011	4759	4679	10.893257
6020	4768	4255	17.744774
6034	4780	4745	18.076265
6035	4780	22518	7.554418
6040	4783	22520	2.664056
6041	4783	4768	6.708298
6061	4801	4743	9.014893
6063	4803	4753	7.945158
6066	4806	4759	4.922039
6069	4780	4809	19.044653
6072	4812	4783	4.248942
6074	4803	4814	5.205183
6079	4814	4818	5.498694
6080	4809	4819	8.976583
6095	4818	4831	3.230645
6096	4831	4737	30.197365
6099	4819	4834	7.726661
6122	4852	4801	4.71471
6126	4834	4856	5.431735
6142	4852	4872	7.340072
6150	4727	4877	45.919777
6155	4856	4880	3.864412
6156	4877	4806	13.116293
6164	4887	4812	9.588696
6165	4780	4887	11.342037
6186	4940	4812	28.250814
6192	4880	4908	12.280752
6202	4908	4915	2.214079
6203	4915	4877	5.269677
6220	4930	4872	51.324993
6230	4936	4852	8.096846
6234	4940	4930	0.683908
6235	4887	4940	10.671295
6260	4940	4955	1.728328
6262	4957	4908	8.460125
6273	4955	4965	4.07578
6279	4970	4936	4.160177
6285	4965	4970	12.190887
6297	4965	4978	3.178139
6308	4970	4987	6.114478
6313	4978	4991	1.994495
6319	4995	4887	12.634585
6320	4995	4957	9.992783
6324	4999	4940	17.658804
6325	4999	5000	1.180183
6334	4991	5006	3.544927
6335	5000	5006	2.487496
6342	5002	5011	9.097117
6363	5022	4987	5.952141
6366	5024	4940	30.194439
6373	4277	5024	4.085648
6374	5011	4277	28.936741
6377	5034	5022	24.664948
6398	4991	5048	11.416016
6399	5048	5049	1.256228
6400	5050	5051	3.874474
6403	5049	5034	10.238837
6405	5055	5051	1.480952
6406	5055	5048	0.785546
6413	5006	5062	31.391909
6416	5062	5050	9.314404
6417	5051	4279	1.932256
6437	5080	5011	28.554968
6438	5055	5081	3.971968
6493	5081	5119	6.103901
6497	4279	5122	16.990213
6500	5062	4281	21.450272
6501	5124	5080	14.492762
6507	5130	5119	2.898105
6528	5130	5146	21.258881
6529	5122	5146	8.612504
6546	4295	5157	4.511911
6585	5188	5124	22.749821
6597	5157	5197	24.399496
6601	5157	5200	16.454754
6603	5202	5188	4.020335
6608	5197	5202	8.018395
6619	5214	5197	10.350148
6638	5146	5228	29.748947
6639	5200	5228	13.051566
6642	5228	5214	18.704147
29653191	21873	4092	1.184567
29653409	3457	22163	8.195106
29653411	3506	3560	3.279117
29653417	22163	3506	5.703205
29653809	22518	4692	5.016306
29653810	22520	4705	12.304394
29654041	22856	3606	1.081759
22518
22520
22713
2654
2723
2726
2748
2799
2809
2816
2851
3012
3118
3141
3143
3154
3160
3184
3192
3216
3247
3265
3296
3298
3311
3313
3317
3324
3342
3355
3358
3363
3370
3430
3454
3461
3473
3491
3540
3554
3558
3569
3595
3596
3606
3607
3625
3645
3652
3663
3668
3675
3709
3712
3827
3857
3919
3920
3961
3973
3977
3982
3995
4025
4033
4047
4071
4077
4092
4093
4134
4140
4158
4176
4206
4244
4251
4295
4319
4336
4491
4567
4574
4593
4619
4643
4692
4936
4940
5002
5051
5119
2654	3012	166436
2654	2726	4935
2654	3558	582
2654	3358	2295
2654	3668	15387
2654	3709	2584
2654	2799	116
2654	3606	580
2654	3192	2723
2654	3473	1384
2654	3491	12952
2654	3554	1458
2654	3540	426
2654	3652	9955
2654	3595	1459
2654	2816	133
2654	3920	10682
2654	3973	1731
2654	3298	12922
2654	3247	2479
2654	3317	396
2654	3154	10946
2654	3143	43779
2654	22713	3617
2654	3982	348
2654	3607	724
2654	4025	5015
2654	4092	205
2654	2748	853
2654	3311	19796
2654	2723	211
2654	3363	227
2654	3370	117
2654	3596	4
2654	3663	21
2654	3857	18
2654	3160	15
2654	3184	13
2654	3454	52
2654	3216	104
2654	3118	460
2654	3141	7454
2654	3645	33
2654	3977	8
2654	3569	9
2654	4140	688
2654	4206	74
2654	4643	101
2654	3324	106
2654	3827	23
2654	4047	55
2654	3961	58
2654	4033	7
2654	4940	112
2654	4491	338
2654	4567	16
2654	4244	8
3625	3012	190
3625	2726	11
3625	3558	80715
3625	3358	163
3625	3668	697357
3625	3709	122575
3625	2799	149777
3625	3606	8348
3625	3192	502
3625	3473	451
3625	3355	3652
3625	3461	56
3625	3491	211
3625	3554	447
3625	3342	49
3625	3540	28
3625	3652	6
3625	3595	448
3625	3920	6
3625	3298	31
3625	3296	32
3625	3265	32
3625	3313	32
3625	3247	27
3625	3317	19203
3625	3143	22
3625	22713	6
3625	3430	1162
3625	3675	170
3625	3982	22
3625	3607	33369
3625	4025	27
3625	3919	5
3625	2748	19
3625	3311	154
3625	2723	10
3625	3363	83
3625	3370	47
3625	3596	50
3625	2809	28
3625	3663	67
3625	3857	57
3625	3160	2
3625	3184	2
3625	3454	4
3625	3216	43
3625	3118	48
3625	3141	46
3625	3645	3
3625	3977	30
3625	4140	4
3625	5051	9
3625	3324	43
3625	3827	3
3625	4047	5
3625	3961	5
3625	4940	6
3625	4491	2
3625	4567	2
3625	4244	1
3012	2726	11730
3012	3358	36620
3012	3668	1817
3012	3192	39981
3012	3298	161438
3012	3247	1627
3012	3317	3478
3012	3154	16382
3012	3143	361318
3012	22713	8757
3012	3430	45
3012	2748	21849
3012	3311	20682
3012	2723	623
3012	3363	1024
3012	3370	640
3012	3596	1
3012	2809	79
3012	3663	18
3012	3857	1461
3012	4077	4
3012	4071	116
3012	3160	127
3012	3184	60
3012	3454	82
3012	3216	318
3012	3118	710
3012	3141	6863
3012	3645	1744
3012	3977	233
3012	4093	7
3012	3569	321
3012	2851	974
3012	4158	1288
3012	4134	30
3012	4176	30
3012	4319	173
3012	5119	5
3012	3324	318
3012	3827	5065
3012	4047	481
3012	3961	122
3012	4033	27
3012	4574	190
3012	4940	34
3012	4491	1982
3012	4567	389
3012	4244	25
2726	3358	416
2726	3668	36
2726	3606	31
2726	3192	35606
2726	3540	61
2726	3298	42730
2726	3247	21229
2726	3317	6025
2726	3154	293
2726	3143	718601
2726	22713	2498
2726	3430	253
2726	3982	4
2726	2748	278946
2726	3311	14310
2726	2723	281827
2726	3363	517
2726	3370	187
2726	2809	7
2726	3663	23
2726	3857	20
2726	4077	4
2726	4071	1
2726	3160	878
2726	3184	836
2726	3454	138
2726	3216	64
2726	3118	78
2726	3141	74
2726	3645	64
2726	3977	1
2726	3569	434
2726	2851	8
2726	4140	70
2726	4336	28
2726	4158	4871
2726	4134	3
2726	4176	3
2726	4319	3
2726	4206	7
2726	4643	13
2726	3324	65
2726	3827	203
2726	4047	212
2726	3961	221
2726	4033	35
2726	4619	7
2726	4574	483
2726	22518	87
2726	4940	231
2726	5002	7
2726	4692	222
2726	4491	1335
2726	4567	110
2726	4244	39
3558	3668	427252
3558	3192	35751
3558	3473	3254
3558	3554	34201
3558	3595	21694
3558	3430	220
3558	3607	47598
3558	3311	41
3558	3363	14
3558	3370	5
3558	3596	18
3558	2809	7
3558	3663	27
3558	3857	22
3558	3216	5
3558	3118	5
3558	3141	5
3558	3645	24
3558	3977	10
3558	22520	10
3558	3324	5
3558	4491	67
3358	3668	358
3358	3192	204
3358	3430	426
3358	3982	19
3358	3607	47252
3358	3596	12
3358	2809	424
3358	3663	21
3358	3857	17
3358	3977	4
3358	4940	18
3668	3709	892128
3668	2799	290903
3668	3606	536
3668	3192	230
3668	3473	60146
3668	3355	21
3668	3461	85
3668	3491	1066
3668	3554	5562
3668	3342	1124
3668	3540	28
3668	3652	13
3668	3595	910
3668	2816	28
3668	3920	3
3668	3973	387
3668	3298	3716
3668	3296	26
3668	3265	26
3668	3313	26
3668	3247	8
3668	3317	1941
3668	3154	591
3668	3430	28090
3668	3675	16
3668	3712	4
3668	3982	57
3668	3607	19000
3668	4025	186
3668	3919	1
3668	3311	19
3668	3363	9
3668	3370	91
3668	3596	28
3668	2809	1659
3668	3995	3
3668	3663	26
3668	3857	22
3668	3216	3
3668	3118	4
3668	3141	4
3668	3977	33
3668	4336	29
3668	4158	31
3668	4206	16
3668	4643	33
3668	3324	3
3668	3827	174
3668	4940	18
3668	4491	48
3709	2799	60
3709	3192	148
3709	3473	174
3709	3554	282
3709	3595	282
3709	3430	92
3709	3607	12025
3709	3311	17
3709	3363	6
3709	3370	2
3709	3596	9
3709	2809	4
3709	3663	14
3709	3857	11
3709	3216	2
3709	3118	2
3709	3141	2
3709	3977	4
3709	3324	2
3709	3827	40
2799	3192	148
2799	3473	174
2799	3554	284
2799	3595	284
2799	3430	3823
2799	3607	1718
2799	3311	17
2799	3363	6
2799	3370	2
2799	3596	9
2799	2809	4
2799	3663	14
2799	3857	11
2799	3216	2
2799	3118	2
2799	3141	2
2799	3977	4
2799	3324	2
2799	4491	30
3606	3192	603
3606	3473	9394
3606	3355	45
3606	3461	249
3606	3491	66306
3606	3554	106010
3606	3342	180
3606	3595	859191
3606	2816	91
3606	3298	77
3606	3296	77
3606	3265	77
3606	3313	77
3606	3317	2884
3606	3430	393
3606	3675	11
3606	3982	3134
3606	3607	516459
3606	4025	1146
3606	3919	3
3606	3311	108
3606	3363	36
3606	3370	13
3606	3596	75
3606	2809	71
3606	3995	5
3606	3663	117
3606	3857	5229
3606	3216	12
3606	3118	14
3606	3141	13
3606	3977	13
3606	3324	12
3606	3827	33
3606	4940	97
3606	4491	38
3192	3473	129
3192	3355	154464
3192	3461	154467
3192	3491	796
3192	3554	793
3192	3342	12477
3192	3540	1261
3192	3652	137
3192	3595	792
3192	2816	230
3192	3920	152
3192	3973	155
3192	3298	57922
3192	3296	56854
3192	3265	56854
3192	3313	56004
3192	3143	1523
3192	22713	16
3192	3430	6
3192	3675	154467
3192	3712	23207
3192	3982	10167
3192	4025	46517
3192	4092	573
3192	2748	1268
3192	3311	150
3192	2723	184
3192	3363	41
3192	3370	14
3192	3596	4
3192	2809	106
3192	3663	69
3192	3857	59
3192	4077	20
3192	4071	4
3192	3160	12
3192	3454	22
3192	3216	14
3192	3118	17
3192	3141	15
3192	3645	8
3192	3977	4
3192	4093	4
3192	2851	26
3192	4140	9
3192	4158	337
3192	4134	4
3192	4176	4
3192	4319	4
3192	4206	8
3192	4643	4
3192	22520	5
3192	5119	31
3192	3324	14
3192	3827	31
3192	4047	130
3192	3961	136
3192	4619	8
3192	4574	61
3192	4940	3
3192	4692	13
3192	4491	32
3192	4567	9
3192	4244	2
3473	3554	60
3473	3540	57696
3473	3652	440
3473	3595	60
3473	3920	60
3473	3973	60
3473	3430	305
3473	3675	266
3473	3712	267
3473	3982	14
3473	3607	908
3473	4025	4
3473	3596	10
3473	2809	3
3473	3663	18
3473	3857	14
3473	3977	4
3473	4140	5
3473	4567	11
3355	3461	60
3355	3491	563
3355	3554	566
3355	3540	259
3355	3595	445
3355	2816	6
3355	3430	47738
3355	3675	60
3355	3712	150
3355	3982	1534
3355	4025	33
3355	3919	57381
3355	3596	2022
3355	2809	630
3355	3995	116547
3355	3663	102
3355	3857	83
3355	4077	44
3355	4071	4
3355	3977	4
3355	4093	4
3355	3569	11
3355	2851	11
3355	4140	34
3355	4158	59
3355	4134	14
3355	4176	14
3355	4319	1366
3355	4574	18
3355	4491	131
3355	4567	6
3461	3491	37723
3461	3554	67866
3461	3540	910
3461	3652	623
3461	3595	60322
3461	2816	28
3461	3920	639
3461	3973	633
3461	3430	563
3461	3675	60
3461	3712	60
3461	3982	1662
3461	3919	2778
3461	3311	1
3461	3596	9
3461	2809	2
3461	3995	6291
3461	3663	321
3461	3857	40
3461	4077	27
3461	4071	2
3461	3977	2
3461	4093	2
3461	2851	7
3461	4140	58
3461	4158	15
3461	4134	7
3461	4176	7
3461	4319	7
3461	3827	16
3461	4574	10
3491	3554	60
3491	3342	596
3491	3540	7515
3491	3652	60
3491	3595	60
3491	3920	246
3491	3973	50
3491	3298	57
3491	3296	57
3491	3265	57
3491	3313	57
3491	3430	3418
3491	3675	42
3491	3712	42
3491	3982	1134
3491	3607	1171423
3491	3311	1
3491	3596	70
3491	2809	25
3491	3663	122
3491	3857	95
3491	3977	23
3491	4140	5
3554	3342	578
3554	3540	7117
3554	3652	60
3554	3595	60
3554	3920	56
3554	3973	50
3554	3298	53
3554	3296	53
3554	3265	53
3554	3313	53
3554	3430	3436
3554	3675	42
3554	3712	84
3554	3982	498
3554	3607	14537
3554	3311	1
3554	3596	72
3554	2809	37
3554	3663	131
3554	3857	101
3554	3977	10
3554	4140	6
3342	3540	597
3342	3595	543
3342	2816	40
3342	3430	513
3342	3982	7
3342	3311	1278
3342	3596	4
3342	2809	277
3342	3663	133
3342	3857	2146
3342	4077	15
3342	3454	16
3342	3141	4
3342	4093	29
3342	3569	261
3342	2851	22
3342	4140	467
3342	4158	133
3342	4134	22
3342	4176	22
3342	4319	22
3342	3827	4
3342	4574	31
3342	4940	71
3342	4692	1121
3342	4491	150
3342	4567	6
3342	4244	2
3540	3652	76748
3540	3595	37926
3540	2816	6554
3540	3298	181
3540	3296	181
3540	3265	181
3540	3313	181
3540	3247	72
3540	3430	1473
3540	3675	8318
3540	3712	8990
3540	3982	953
3540	3607	4020
3540	4025	504
3540	4092	71
3540	3919	4
3540	3311	222
3540	3363	76
3540	3370	29
3540	3596	80
3540	2809	34
3540	3995	5
3540	3663	86
3540	3857	72
3540	3216	25
3540	3118	30
3540	3141	27
3540	3977	27
3540	4140	43
3540	5051	14
3540	3324	26
3652	3595	740
3652	2816	439939
3652	3920	3628
3652	3973	60
3652	3430	10426
3652	3675	15662
3652	3712	15081
3652	3982	73494
3652	3607	3960
3652	4025	22221
3652	3919	6
3652	3596	11
3652	2809	22107
3652	3995	21
3652	3663	1789
3652	3857	9
3652	3827	15
3652	4574	39
3652	4940	24
3595	3920	56
3595	3973	54
3595	3298	52
3595	3296	51
3595	3265	51
3595	3313	51
3595	3430	3440
3595	3982	943
3595	3607	129923
3595	3311	1
3595	3596	73
3595	2809	1480
3595	3663	134
3595	3857	13
3595	4140	7
3595	4491	2
3595	4567	3
2816	3920	3838
2816	3973	156
2816	3430	372
2816	3675	56
2816	3712	118
2816	3982	83957
2816	4025	1752
2816	4092	7
2816	3919	10
2816	3596	7
2816	3995	2
2816	3663	14
2816	3645	4
2816	4140	80
3920	3973	60
3920	3430	9698
3920	3675	222
3920	3712	130
3920	3919	7766
3920	3596	35
3920	3995	6472
3920	3663	17
3920	4140	257
3920	5051	2596
3920	5119	1052
3920	4940	7224
3920	4295	1052
3973	3675	28
3973	3919	202
3973	3995	3596
3973	4140	819
3973	5051	3198
3973	5119	2855
3973	4940	7144
3973	4295	1070
3298	3296	60
3298	3265	60
3298	3313	60
3298	3430	55518
3298	3982	203
3298	4025	686
3298	4092	64
3298	3311	8180
3298	3363	2
3298	3596	18204
3298	2809	5357
3298	3995	33925
3298	3663	400
3298	3857	54928
3298	4077	27
3298	4071	92
3298	3454	32
3298	3645	240
3298	3977	96
3298	4093	85
3298	3569	1436
3298	2851	62
3298	4140	1942
3298	4336	254
3298	4158	246
3298	4134	62
3298	4176	62
3298	4319	63
3298	4593	107
3298	22520	114
3298	5051	48
3298	5119	43
3298	3827	888
3298	4047	1253
3298	3961	7
3298	4033	7
3298	4574	1205
3298	4940	542
3298	5002	20
3298	4692	2237
3298	4491	830
3298	4567	24
3298	4244	2
3298	4295	3
3296	3265	60
3296	3313	60
3296	3430	3819
3296	4025	19
3296	4092	64
3296	3311	30
3296	3363	2
3296	3596	8
3296	2809	2
3296	3663	400
3296	3857	334
3296	4077	1099
3296	4071	92
3296	3454	32
3296	3977	96
3296	4093	85
3296	3569	423
3296	2851	62
3296	4140	326
3296	4158	246
3296	4134	62
3296	4176	62
3296	4319	63
3296	5119	3
3296	3827	89
3296	3961	7
3296	4033	7
3296	4619	54
3296	4574	61
3296	4940	28
3296	4692	2237
3296	4491	499
3296	4567	8
3296	4244	2
3265	3313	60
3265	3430	1610
3265	3982	23
3265	4025	21
3265	4092	64
3265	3311	30
3265	3363	2
3265	3596	5921
3265	2809	899
3265	3663	400
3265	3857	334
3265	4077	27
3265	4071	92
3265	3454	32
3265	3977	96
3265	4093	85
3265	3569	24
3265	2851	62
3265	4140	326
3265	4158	246
3265	4134	62
3265	4176	62
3265	4319	63
3265	5051	5
3265	3827	26
3265	3961	7
3265	4033	2
3265	4574	61
3265	4940	28
3265	4692	2237
3265	4491	54
3265	4567	200
3265	4244	2
3313	3430	24405
3313	4025	358
3313	4092	64
3313	3311	10
3313	3596	5930
3313	2809	895
3313	3663	216
3313	3857	1667
3313	4077	27
3313	4071	2
3313	3454	22
3313	3645	159
3313	3977	2
3313	4093	2
3313	3569	141
3313	2851	35
3313	4140	326
3313	4336	3
3313	4158	2488
3313	4134	33
3313	4176	34
3313	4319	35
3313	4643	6
3313	5119	3
3313	3827	671
3313	3961	5
3313	4033	70
3313	4574	3016
3313	4940	6
3313	5002	20
3313	4491	310
3313	4567	181
3313	4244	14
3247	3430	6452
3247	4025	115
3247	4092	64
3247	3311	64
3247	3363	1
3247	3370	10
3247	3596	5930
3247	2809	122
3247	3663	3370
3247	3857	1433
3247	4077	2477
3247	4071	429
3247	3454	26
3247	3645	113
3247	3977	451
3247	4093	396
3247	3569	521
3247	2851	260
3247	4140	326
3247	4158	2566
3247	4134	252
3247	4176	251
3247	4319	258
3247	4643	33
3247	4593	54
3247	22520	41
3247	5119	87
3247	3827	1548
3247	4047	4
3247	3961	4
3247	4033	65
3247	4574	1000
3247	22518	21
3247	4940	156
3247	5002	21
3247	4692	13
3247	4491	983
3247	4567	39
3247	4244	18
3317	3143	1227077
3317	22713	1342
3317	3430	96175
3317	3982	177
3317	4025	1399
3317	4092	128
3317	2748	749
3317	3311	14339
3317	3363	3
3317	3370	155
3317	3596	41576
3317	2809	7360
3317	3995	4091
3317	3663	8853
3317	3857	11134
3317	4077	87
3317	4071	1379
3317	3184	19
3317	3454	64
3317	3216	8
3317	3118	26
3317	3141	120
3317	3645	1184
3317	3977	3014
3317	3569	834
3317	2851	1040
3317	4140	6982
3317	4336	166
3317	4158	36464
3317	4319	1028
3317	4206	1853
3317	4643	3125
3317	4593	108
3317	5051	328
3317	5119	301
3317	3324	18
3317	3827	6658
3317	4047	131
3317	3961	37
3317	4033	50
3317	4619	90
3317	4574	3974
3317	22518	15
3317	4940	3595
3317	5002	210
3317	4491	15123
3317	4567	12
3317	4244	51
3317	4295	265
3154	3143	167060
3154	22713	2717048
3154	3430	31732
3154	3982	8
3154	4025	280
3154	4092	7
3154	2748	656
3154	3311	74003
3154	2723	4570371
3154	3363	1263
3154	3370	15172
3154	3596	9854
3154	2809	2950
3154	3663	279744
3154	4077	4399
3154	4071	1394
3154	3160	430
3154	3184	13658
3154	3454	202
3154	3216	2936
3154	3118	5610
3154	3141	80338
3154	3645	40612
3154	3977	1723
3154	4093	121
3154	3569	256835
3154	2851	118
3154	4140	2227
3154	4336	2116
3154	4158	8199
3154	4134	53
3154	4176	15
3154	4319	28
3154	4206	14298
3154	4643	1225
3154	4593	1072
3154	4251	742
3154	22520	233
3154	4936	52
3154	5051	249
3154	5119	423
3154	3324	4183
3154	3827	328122
3154	4047	1926
3154	3961	7125
3154	4033	3899
3154	4619	154
3154	4574	7172
3154	22518	1150
3154	4940	4206
3154	5002	221
3154	4692	880
3154	4491	282299
3154	4567	7699
3154	4244	2652
3154	4295	85
3143	22713	3
3143	3982	5277
3143	4025	105406
3143	4092	28
3143	2748	60
3143	2723	51
3143	3596	4
3143	2809	30
3143	3995	702
3143	3184	2
3143	3454	21
3143	3569	41
3143	4140	85981
3143	4643	2259
3143	4251	347
3143	22520	92
3143	4936	511
3143	5051	5699
3143	5119	4072
3143	3827	5956
3143	4047	134
3143	3961	490
3143	4033	46
3143	22518	163
3143	4940	6794
3143	5002	448
3143	4692	39
3143	4491	1673
3143	4567	48
3143	4244	5
3143	4295	4074
22713	2748	60
22713	2723	1905522
22713	3160	1588
22713	3184	1588
22713	3569	38
22713	5051	5
22713	5119	41
22713	3827	100
22713	3961	12
22713	4033	41
22713	22518	2
22713	4940	91
22713	4692	6
22713	4491	129
22713	4567	26
22713	4244	1
22713	4295	208
3430	3675	569
3430	3712	585
3430	3607	150417
3430	3995	232
3430	4077	17
3430	4336	40
3430	4206	5800
3430	4593	10
3430	22520	7
3430	4936	133
3430	5051	14
3430	5119	2059
3430	3827	9
3430	4619	892
3430	22518	5
3430	4940	5522
3430	5002	71
3430	4692	82
3430	4491	102
3430	4567	6
3430	4244	50
3430	4295	14
3675	3712	60
3675	3982	22916
3675	3919	11
3675	3311	1
3675	3596	9
3675	2809	460232
3675	3995	4
3675	3663	49
3675	3857	2538
3675	3977	364180
3675	4140	290
3675	3827	19
3675	4574	2325
3675	4692	35
3675	4244	7
3712	3982	32718
3712	3919	34
3712	3311	1
3712	3596	1765
3712	2809	125890
3712	3995	13
3712	3663	248
3712	3857	6215
3712	3977	233991
3712	4140	291
3712	3961	32
3982	2748	2501
3982	4940	7
3982	4692	15
3607	3311	712
3607	3363	2
3607	3370	9
3607	3596	84628
3607	3663	23020
3607	3857	1858
3607	3160	1
3607	3216	1
3607	3118	9
3607	3141	10
3607	3645	51
3607	4093	1154
3607	3569	91
3607	3324	1
3607	3827	103
3607	4047	1
3607	3961	3
3607	4033	7
3607	4491	459
3607	4567	184
3607	4244	8
4025	4092	350
4025	3919	3
4025	2748	4329
4025	4077	975
4025	4140	16878
4025	4940	25
4092	3919	1
4092	4140	601
3919	3995	206448
3919	4077	869
3919	4140	18
3919	4158	17
3919	5051	7
3919	4940	52
2748	3311	22780
2748	2723	60
2748	3363	32356
2748	3663	23880
2748	3857	23880
2748	3160	54
2748	3184	54
2748	3454	396439
2748	3216	48
2748	3118	1816
2748	3141	2146
2748	3645	43
2748	3569	244
2748	4140	25
2748	3324	18
2748	3827	1196
2748	3961	250
2748	4033	34
2748	22518	469
2748	4940	22
2748	5002	474
2748	4692	2171
2748	4491	21686
2748	4567	4150
2748	4244	167
3311	3663	60
3311	3857	1350
3311	3454	457
3311	3645	14
3311	3569	487
3311	5119	2
3311	3827	5568
3311	4047	497
3311	3961	14
3311	4033	50
3311	22518	177
3311	4940	2
3311	5002	9
3311	4692	32
3311	4491	1286
3311	4567	31
3311	4244	5
2723	3370	350
2723	3160	60
2723	3184	60
2723	3454	60
2723	3216	56
2723	3118	3012
2723	3141	4450
2723	3569	44
2723	5051	4
2723	5119	4
2723	3324	778
2723	3827	80
2723	3961	32
2723	4033	32
2723	4574	40
2723	22518	2
2723	4940	130
2723	5002	84
2723	4692	67
2723	4491	1324
2723	4567	152
2723	4244	1
2723	4295	4
3363	3454	24
3363	3645	1
3363	3569	9
3363	2851	15
3363	5119	2
3363	3827	220
3363	4047	18
3363	3961	20
3363	4033	69
3363	22518	4
3363	4940	4
3363	5002	28
3363	4692	36
3363	4491	110
3363	4567	34
3363	4244	5
3370	3160	60
3370	3184	950
3370	3454	6729
3370	3216	60
3370	3118	2738
3370	3141	1712
3370	3645	5
3370	3569	8065
3370	2851	1312
3370	4319	1310
3370	5051	6
3370	5119	32
3370	3324	578
3370	3827	17921
3370	4047	162
3370	3961	1339
3370	4033	2890
3370	4574	8
3370	22518	4
3370	4940	92
3370	5002	42
3370	4692	46
3370	4491	411
3370	4567	45
3370	4244	8
3370	4295	6
3596	3995	84542
3596	4077	6764
3596	3454	2
3596	3569	3
3596	4140	4321
3596	4336	15982
3596	4206	5726
3596	4643	57
3596	4593	95
3596	4251	58
3596	22520	103
3596	4936	61
3596	5051	813
3596	5119	95
3596	3827	52
3596	3961	8
3596	4033	24
3596	4619	5726
3596	4574	128944
3596	22518	34
3596	4940	2124
3596	5002	41
3596	4692	54
3596	4491	9
3596	4567	25
3596	4244	2
3596	4295	94
2809	3995	365516
2809	3857	124770
2809	4077	45763
2809	4140	17177
2809	4336	25094
2809	4206	6728
2809	4643	3933
2809	4593	493
2809	4251	472
2809	22520	3182
2809	4936	656
2809	5051	54
2809	5119	2105
2809	3827	18
2809	4033	7
2809	4619	3804
2809	22518	19
2809	4940	8040
2809	5002	1394
2809	4692	1325
2809	4491	26509
2809	4567	16542
2809	4244	2
2809	4295	1141
3995	3663	48751
3995	4093	15
3995	2851	5
3995	4336	14
3995	4158	15
3995	4134	5
3995	4176	5
3995	4319	5
3995	22520	4
3995	5051	24
3995	5119	7
3995	3827	138
3995	4047	5
3995	3961	27
3995	4619	3
3995	4940	10
3995	4692	8
3995	4295	7
3663	3857	60
3663	3454	1275
3663	3645	31539
3663	3569	11
3663	3827	246
3663	3961	13
3663	4033	46
3663	22518	11
3663	4940	7
3663	4692	62
3857	3454	549
3857	3645	24128
3857	3569	1713
3857	22518	15
3857	4940	55
3857	4692	59
3857	4295	6
4077	4071	56
4077	3569	11
4077	4336	60
4077	4158	18
4077	22520	10
4077	5051	2
4077	5119	2
4077	22518	2
4077	4692	9
4077	4295	2
4071	3454	1
4071	3977	7586
4071	4093	80
4071	2851	2
4071	4336	60
4071	4158	5526
4071	4134	2
4071	4176	6
4071	4319	2
4071	4206	256
4071	4593	256
4071	22520	19
4071	5051	45
4071	5119	46
4071	4047	2
4071	3961	2
4071	4619	256
4071	22518	217
4071	4940	33
4071	4692	4479
4071	4295	45
3160	3184	60
3160	3454	60
3160	3216	60
3160	3118	2740
3160	3141	2364
3160	3569	1002
3160	5051	4
3160	5119	18
3160	3324	652
3160	3827	1566
3160	3961	32
3160	4033	32
3160	4574	44
3160	22518	31
3160	4940	410
3160	5002	194
3160	4692	67
3160	4491	2924
3160	4567	143
3160	4244	8
3160	4295	10
3184	3454	60
3184	3216	60
3184	3118	2716
3184	3141	958
3184	3569	48
3184	4936	72
3184	5051	4
3184	5119	4
3184	3324	578
3184	3827	32
3184	3961	32
3184	4033	268
3184	4574	15
3184	22518	2
3184	4940	32
3184	5002	206
3184	4692	67
3184	4491	247
3184	4567	69
3184	4244	1
3184	4295	4
3454	3216	60
3454	3118	2716
3454	3141	958
3454	3977	22
3454	4093	2
3454	3569	6824
3454	2851	2041
3454	4158	2
3454	4134	20280
3454	4176	1166
3454	4319	2040
3454	4206	185
3454	4643	135
3454	4593	186
3454	4251	137
3454	22520	2
3454	4936	12
3454	5051	3
3454	5119	3
3454	3324	578
3454	3827	13401
3454	4047	24
3454	3961	2076
3454	4033	2823
3454	4619	185
3454	4574	33
3454	22518	4
3454	4940	24
3454	5002	78
3454	4692	142
3454	4491	217
3454	4567	90
3454	4244	5
3454	4295	8
3216	3118	2716
3216	3141	958
3216	3645	2732
3216	3569	516
3216	4936	6
3216	5051	4
3216	5119	4
3216	3324	578
3216	3827	224
3216	3961	32
3216	4033	78
3216	4574	55
3216	22518	29
3216	4940	148
3216	5002	193
3216	4692	73
3216	4491	2500
3216	4567	150
3216	4244	8
3216	4295	4
3118	3141	218354
3118	3645	40881
3118	3569	1632
3118	22520	3
3118	4936	106
3118	5051	4
3118	5119	28
3118	3324	43380
3118	3827	1376
3118	3961	1330
3118	4033	1270
3118	4574	155
3118	22518	247
3118	4940	492
3118	5002	464
3118	4692	92
3118	4491	4122
3118	4567	423
3118	4244	3
3118	4295	4
3141	3645	86171
3141	3569	634
3141	22520	2
3141	4936	608
3141	5051	42
3141	5119	358
3141	3324	91050
3141	3827	21450
3141	3961	332
3141	4033	328
3141	4574	583
3141	22518	516
3141	4940	2247
3141	5002	2162
3141	4692	111
3141	4491	27208
3141	4567	718
3141	4244	42
3141	4295	4
3645	3569	359846
3645	2851	148
3645	4134	70
3645	4176	68
3645	4319	72
3645	4206	46
3645	4643	50
3645	4593	46
3645	4251	34
3645	22520	3
3645	4936	571
3645	5051	6
3645	5119	6
3645	3324	1454
3645	3827	13454
3645	4047	97
3645	3961	178
3645	4033	477
3645	4619	51
3645	4574	165
3645	22518	36
3645	4940	235
3645	5002	190
3645	4692	222
3645	4491	3113
3645	4567	318
3645	4244	24
3645	4295	6
3977	4093	850
3977	3569	8370
3977	2851	8930
3977	4158	850
3977	4134	8580
3977	4176	12598
3977	4319	8930
3977	4206	1710
3977	4593	1710
3977	22520	23
3977	5051	390
3977	5119	161
3977	3324	21624
3977	4047	8930
3977	3961	8930
3977	4033	10327
3977	4619	1722
3977	22518	206
3977	4940	338
3977	4692	1628
3977	4295	48
4093	2851	14
4093	4336	56
4093	4158	60
4093	4134	14
4093	4176	50
4093	4319	14
4093	4206	3234
4093	4593	3234
4093	22520	337
4093	5051	48
4093	5119	48
4093	4047	14
4093	3961	14
4093	4619	3234
4093	22518	822
4093	4940	371
4093	5002	16
4093	4692	5589
4093	4295	48
3569	22520	4
3569	4936	294
3569	5051	64
3569	5119	46
3569	3324	250
3569	3827	5298
3569	3961	36
3569	4033	902
3569	4574	649
3569	22518	420
3569	4940	1774
3569	5002	1290
3569	4692	819
3569	4491	27559
3569	4567	894
3569	4244	206
3569	4295	32
2851	4134	60
2851	4176	36
2851	4319	60
2851	4206	2108
2851	4593	2100
2851	22520	164
2851	5051	53
2851	5119	53
2851	4047	60
2851	3961	60
2851	4033	8351
2851	4619	2110
2851	4574	386
2851	22518	2
2851	4940	3
2851	5002	6
2851	4692	210
2851	4491	202
2851	4567	377
2851	4244	2
2851	4295	53
4336	4158	56
4336	22520	10
4336	5051	16
4336	5119	59
4336	22518	2
4336	4940	10
4336	4692	14
4336	4295	2
4158	22520	32
4158	5051	16
4158	5119	16
4158	22518	157
4158	4940	226
4158	4692	2443
4158	4295	98
4134	4176	39950
4134	4319	60
4134	4206	2166
4134	4593	2158
4134	22520	76
4134	5051	54
4134	5119	54
4134	4047	60
4134	3961	60
4134	4033	8351
4134	4619	2170
4134	22518	2400
4134	4940	151
4134	5002	11
4134	4692	6730
4134	4295	54
4176	4319	36
4176	4206	2538
4176	4593	2538
4176	22520	70
4176	5051	50
4176	5119	50
4176	4047	36
4176	3961	36
4176	4033	5004
4176	4619	2542
4176	4574	834
4176	22518	348
4176	4940	151
4176	5002	4
4176	4692	12449
4176	4295	50
4319	4206	2106
4319	4593	2100
4319	22520	72
4319	5051	53
4319	5119	53
4319	4047	60
4319	3961	60
4319	4033	8351
4319	4619	2108
4319	22518	34
4319	4940	56
4319	5002	6
4319	4692	1649
4319	4491	218
4319	4567	363
4319	4244	2
4319	4295	53
4206	4593	60
4206	22520	838
4206	5051	48
4206	5119	48
4206	4047	2108
4206	3961	2952
4206	4619	450
4206	4574	1202
4206	22518	11
4206	4940	1944
4206	5002	9
4206	4692	102
4206	4295	312
4643	4251	60
4643	22520	20609
4643	4936	144
4643	5051	11822
4643	5119	2042
4643	22518	42
4643	4940	91691
4643	5002	554
4643	4692	1333
4643	4295	3906
4593	22520	992
4593	5051	47
4593	5119	47
4593	4047	2100
4593	3961	2950
4593	4619	340
4593	4574	1202
4593	22518	10
4593	4940	578
4593	5002	9
4593	4692	101
4593	4295	47
4251	22520	2039
4251	4936	56
4251	5051	950
4251	5119	950
4251	22518	491
4251	4940	20208
4251	5002	7692
4251	4692	3096
4251	4295	950
22520	4936	348
22520	5051	116
22520	5119	13
22520	3827	18
22520	4047	74
22520	4033	32
22520	4619	396
22520	4574	332
22520	4940	5687
22520	4692	1421
22520	4491	2
22520	4244	152
22520	4295	11
4936	5051	722
4936	5119	4611
4936	3324	6
4936	3827	308
4936	3961	22
4936	4033	40
4936	22518	219
4936	4940	45136
4936	5002	8297
4936	4692	1518
4936	4491	1110
4936	4567	441
4936	4244	492
4936	4295	722
5051	5119	60
5051	3324	18
5051	3827	256
5051	4047	8
5051	3961	2
5051	4033	140
5051	4619	1072
5051	4574	1228
5051	22518	110
5051	4940	30138
5051	5002	2931
5051	4692	530
5051	4491	212
5051	4244	621
5051	4295	60
5119	3324	18
5119	3827	241
5119	4047	2
5119	3961	2
5119	4033	140
5119	4619	331
5119	4574	57
5119	22518	110
5119	4940	42298
5119	5002	2338
5119	4692	665
5119	4491	120
5119	4244	619
5119	4295	60
3324	3827	302
3324	3961	36
3324	4033	876
3324	4574	45
3324	22518	115
3324	4940	439
3324	5002	84
3324	4692	67
3324	4491	5533
3324	4567	142
3324	4244	38
3324	4295	4
3827	3961	334
3827	4033	6380
3827	4574	1131
3827	22518	530
3827	4940	3916
3827	5002	4004
3827	4692	101
3827	4491	241717
3827	4567	6207
3827	4244	183
3827	4295	2
4047	3961	840
4047	4033	29885
4047	4619	19128
4047	4574	472
4047	22518	2
4047	4940	28
4047	5002	86
4047	4692	212
4047	4491	1668
4047	4567	395
4047	4244	2
4047	4295	8
3961	4033	1040
3961	4619	2954
3961	4574	39
3961	22518	18
3961	4940	57
3961	5002	85
3961	4692	212
3961	4491	6047
3961	4567	638
3961	4244	6
3961	4295	2
4033	4619	7
4033	4574	1484
4033	22518	476
4033	4940	374
4033	5002	7976
4033	4692	603
4033	4491	131782
4033	4567	23153
4033	4244	168
4033	4295	36
4619	4574	168936
4619	4940	2549
4619	5002	172
4619	4692	345
4619	4295	53
4574	22518	7001
4574	4940	37575
4574	5002	910
4574	4692	290395
4574	4295	409
22518	4940	19734
22518	4692	325116
22518	4491	13080
22518	4567	2
22518	4244	2623
22518	4295	49
4940	5002	169429
4940	4692	57986
4940	4491	12359
4940	4567	632
4940	4244	20397
4940	4295	538
5002	4692	3608
5002	4491	38462
5002	4567	1825
5002	4244	38089
5002	4295	3008
4692	4244	51202
4692	4295	347
4491	4567	432396
4491	4295	88
4567	4295	4
4244	4295	63
