410	78	2051
3835	3087	3088	2.74338
6259	4948	4942	15.268233
6301	4942	4981	11.496896
6331	22517	5003	0.9778
6337	5003	5008	1.697714
6350	4981	22517	8.487406
6358	4948	5017	7.219658
6370	4883	5028	29.135525
6371	5029	4883	38.383163
6386	5037	4942	39.424274
6387	5037	5017	10.009953
6401	5029	5052	11.023846
6412	5061	5052	2.09218
6419	5052	5066	3.313448
6424	5008	5072	11.378725
6443	5061	5086	3.840357
6444	5066	5086	1.895831
6445	5017	5087	15.962515
6453	5086	5091	1.422066
6458	5072	5094	1.784046
6469	5104	5091	9.122636
6470	5104	5066	2.649239
6480	5087	5111	4.015559
6481	5111	5028	15.584639
6489	5117	4981	46.39994
6490	5037	5117	40.775669
6491	5117	5072	37.8041
6505	5117	5127	1.914288
6508	5131	5037	11.103848
6510	5133	5094	13.194835
6511	5127	5134	7.471942
6513	5131	5134	6.33212
6525	5111	5144	5.350726
6526	5061	5144	25.611307
6542	5104	5154	6.169968
6548	5087	5159	28.301714
6568	5159	5174	17.969917
6576	5181	5144	8.709394
6580	5185	5131	9.282975
6581	5174	5185	1.862101
6586	5189	5133	10.171465
6587	5189	5127	28.027584
6589	5144	5191	6.122763
6591	5193	5091	13.780671
6593	5193	15519	2.379249
6602	5191	5201	0.716368
6605	5204	5181	9.478485
6612	5209	5201	1.020318
6613	5209	5204	3.057843
6618	5201	5213	4.105191
6624	5154	5218	10.289772
6625	5159	5219	9.138759
6626	5213	5219	1.665883
6631	5224	5209	3.196304
6632	5224	5204	3.022038
6633	5213	5225	1.283037
6636	5227	5185	7.73424
6637	5219	5227	2.478331
6661	5249	5224	2.143196
6662	5251	5131	34.997112
6663	5218	5252	8.081923
6666	5252	5255	4.289496
6667	5094	5256	22.372737
6668	5225	5257	2.689402
6669	5258	5193	11.236312
6676	5264	5249	1.022623
6681	5257	5264	7.055243
6684	5272	5264	1.43391
6687	5189	5275	24.644958
6688	5134	5275	54.663647
6690	5277	5256	2.238105
6697	5218	5282	7.322967
6698	5283	5251	8.634808
6699	5282	5258	5.027515
6704	5288	5277	8.378079
6705	5275	5289	3.431417
6709	5292	5283	1.011393
6714	5296	5292	2.72135
6716	5289	5288	8.686347
6717	5298	5296	4.119337
6718	5257	5298	4.793577
6723	5302	5255	2.933767
6730	5298	5306	0.492136
6731	5307	5289	5.40556
6732	5251	5307	11.489084
6738	5311	5312	3.70622
6739	5272	5312	5.295756
6748	5320	5311	8.749461
6751	5306	5320	6.398313
6757	5277	5327	13.466349
6766	5333	5252	12.98501
6768	5335	5272	10.284508
6776	15518	5343	1.914018
6777	5343	5335	2.322381
6786	5256	5350	20.014468
6788	5327	5352	11.738
6791	5354	5282	9.748568
6796	5358	5354	2.457111
6797	5358	5302	6.449868
6799	5360	5361	3.073686
6800	5361	5333	2.256784
6808	5368	5335	3.615614
6817	5374	5368	2.000401
6818	5343	5374	7.493378
6829	5381	5360	18.359213
6834	5258	5385	44.117714
6835	5386	5361	2.353749
6838	5385	5374	10.58555
6841	5352	5391	8.28283
6843	5288	5391	12.048483
6853	5381	5358	8.134848
6871	5306	5413	13.041272
6874	5416	5354	9.712764
6881	5420	5381	6.383193
6882	5420	5386	2.813916
6892	5352	5433	21.617085
6897	5416	5437	8.061642
6902	16262	5350	19.421371
6905	5413	5443	4.026369
6907	5374	5444	9.351202
6908	5445	5433	4.086688
6909	5391	5445	6.596138
6923	5459	15503	6.474338
6924	5459	5437	11.739513
6927	5444	15504	5.265118
6936	5386	5469	15.090691
6942	5473	16262	23.670017
6943	5433	5473	16.433184
6958	5445	5482	6.240099
6979	5497	5420	10.272645
6980	5497	5469	17.479317
6982	5499	5497	0.181923
7000	5513	5459	7.664327
7024	5532	5443	36.286461
7026	5534	15504	10.442748
7027	5307	5535	33.441045
7028	5532	5535	39.186508
7038	5535	5541	9.515467
7064	5499	5564	41.284641
7065	5469	5564	8.947731
7077	5443	5573	20.508224
7082	5577	5513	8.81675
7100	5564	5592	2.185386
7105	5577	22752	11.351625
7108	5601	22513	2.115725
7109	5437	22513	50.198208
7115	5605	5499	12.067633
7118	5607	5601	2.517454
7132	5617	5534	11.534882
7133	5617	5598	5.004752
7134	5605	5607	18.290133
7146	5626	5617	0.912031
7148	5627	5607	2.716571
7150	5629	5532	25.148083
7151	5573	5629	9.427593
7157	5633	5635	32.698006
7164	5645	5646	11.376388
7184	5678	5679	3.056918
7192	5688	5689	27.774101
7216	5728	5729	56.496086
7246	5541	5774	36.701447
7252	22315	5779	1.698746
7253	5592	22315	1.38626
7256	5782	5473	49.622223
7257	5774	5482	28.288785
7258	5782	5774	10.315727
7263	5779	5786	1.278739
7264	5592	5787	3.605886
7267	5535	5791	12.495237
7268	5792	22686	1.458609
7274	5787	5802	0.767537
7276	5800	5801	0.325623
7278	5786	5800	0.582457
7279	5801	5792	1.34116
7280	5802	5779	2.873309
7282	5573	5803	11.455323
7283	5626	5803	6.470233
7296	5812	5801	0.727605
7297	5813	5629	5.223707
7298	5813	5803	8.810951
7299	5814	5812	3.119175
7301	5816	5577	12.230238
7302	5802	5817	0.930568
7303	5791	5629	12.543215
7306	5817	5814	0.964129
7320	5785	5831	2.678541
7321	5792	5831	4.411261
7329	5837	5813	3.718745
7352	5831	5857	4.880625
7355	5774	5860	10.353123
7361	5866	5814	3.100437
7367	5860	5872	2.14999
7379	5626	5881	14.332051
7384	5837	5884	9.5112
7396	5895	5866	1.616595
7398	5791	5896	11.367675
7401	5884	5896	4.424892
7416	5872	22404	5.492535
7418	5910	5895	1.119893
7426	5831	5895	11.274493
7448	5881	5933	28.120373
7450	5935	5816	33.064236
7451	5935	5627	48.773582
7458	5941	5910	5.063761
7478	5933	5647	10.739755
7484	5959	5884	23.143969
7485	5647	5960	17.127209
7493	5967	5941	2.473696
7503	5976	5910	7.045325
7514	5837	5986	54.777687
7515	5881	5986	20.868725
7516	5857	5633	25.351616
7545	5635	5976	13.112985
7546	6012	5967	6.633789
7549	5960	6015	14.762058
7550	6015	5935	29.691813
7551	5986	5645	3.473744
7572	6030	6012	2.301706
7574	6015	6032	5.818218
7575	5633	6032	24.323891
7601	6012	5635	51.893082
7604	5645	6049	16.240805
7641	6030	6081	7.406507
7645	6081	6085	2.204062
7662	5633	6098	34.037746
7663	6099	6032	11.649763
7664	6030	6100	30.099487
7669	6085	6100	26.807283
7681	6113	5635	6.782643
7682	6114	6032	32.674129
7683	6098	6115	4.122258
7688	6114	6099	8.563811
7691	6114	6115	4.583981
7698	6113	6098	15.950435
7721	6049	6140	35.287155
7724	6142	6140	2.083797
7762	6175	6176	7.839005
7764	5646	6179	56.562042
7765	6099	6179	16.518494
7791	6196	6179	3.925342
7792	6085	22818	3.508369
7797	6196	6142	40.908733
7804	6207	5689	3.993619
7807	6209	6140	18.46129
7814	6214	6176	0.53083
7815	6176	6113	11.469183
7818	6100	15483	28.54369
7822	6219	6115	11.970124
7823	6216	6214	10.012359
7829	6216	6207	14.191925
7833	6226	6219	3.348596
7835	6196	6228	4.460576
7846	6228	6226	56.514767
7875	6245	6226	7.521562
7925	6282	6175	9.871542
7926	6216	6282	14.448022
7936	6289	6245	7.26084
7948	6228	5678	17.100471
7976	6318	6289	8.63879
8010	6318	6347	5.487861
8014	6347	5678	61.149517
8018	5679	6351	25.965302
8019	6347	6352	0.689973
8022	6352	3088	0.8817
8029	6361	6209	81.380173
8032	6364	6361	0.958053
8033	5679	6364	52.033398
8038	6352	6366	2.992148
8042	6366	6371	0.653964
8045	6351	6374	9.51284
8049	3088	6376	2.949161
8052	6371	3087	0.965716
8053	6379	6371	7.137599
8054	6374	6364	13.03145
8057	3087	6376	4.616499
8058	6376	6374	19.332739
8076	6395	6282	23.44561
8110	6411	6395	5.613961
8112	6379	6423	9.784792
8113	6379	6424	41.434064
8116	6426	6411	0.885493
8119	6426	6424	4.438763
8126	6423	6434	5.963346
8139	6446	6376	21.143233
8143	6423	6449	21.897665
8169	6426	6468	10.988452
8180	6434	6478	42.29615
8183	6374	6480	57.54541
8195	6488	6446	12.077578
8196	6446	6489	9.851595
8197	6478	6424	32.092879
8208	6449	6497	37.351597
8216	6501	6488	7.763083
8224	6489	6497	22.695562
8235	6516	6480	14.092528
8236	6516	6501	4.49967
8237	6468	6517	7.381689
8238	6497	6518	6.386208
8246	6528	6529	21.468498
8247	6530	6531	15.066881
8248	6530	6529	30.832895
8254	6539	5728	20.702205
8260	6546	6547	35.64822
8294	6478	5729	38.604366
8295	5729	6468	40.475262
8302	6518	6583	19.330143
8303	6583	6478	13.579573
8305	6489	6585	9.808232
8326	6531	6516	8.609346
8328	6585	6528	3.180714
8329	6547	5729	15.548486
8370	6531	6627	10.657345
8395	6528	6539	12.124975
8409	6517	6644	23.891636
8412	6647	5728	29.098616
8431	6627	6660	18.696227
8433	6662	6546	18.193394
8434	6662	6644	11.883046
8440	6539	6667	12.918565
8459	6660	6679	4.544559
8462	6529	6682	11.999729
8464	6660	6683	27.819721
8476	6692	6682	3.712237
8509	6667	6718	12.366413
8516	6682	6718	31.848756
8521	6683	6726	33.061043
8528	6726	6692	15.413589
8542	6743	6726	2.917138
8545	6745	6647	37.262753
8551	6745	22313	10.767538
8552	6644	6748	20.029032
8563	6757	6718	8.811157
8564	6757	6745	7.858
8567	6757	6758	1.427305
8580	6748	22312	1.906079
8588	6758	6775	3.337336
8593	6780	6743	10.571214
8607	6791	6768	53.303291
8623	6775	6802	11.673779
8630	6802	16251	8.771903
8633	6768	6810	8.186271
8645	6821	6768	37.023205
8646	6821	6822	3.344801
8647	6810	6821	13.902562
8657	6829	6743	21.676632
8665	6835	6758	22.538555
8666	6791	6835	46.674343
8672	6821	6840	9.167171
8678	6835	6844	5.009088
8687	6849	6791	27.013927
8688	6850	6775	44.162697
8694	6856	6849	16.23881
8695	6856	6810	9.01777
8697	6858	6780	17.222161
8723	6875	6835	10.86518
8724	6849	6875	15.537305
8728	6856	6878	4.232919
8732	6878	6840	43.270847
8744	6888	6875	3.191447
8748	6892	6850	22.170422
8749	6892	6844	28.670822
8760	6901	6829	41.674194
8764	6904	6858	11.967572
8765	6904	6802	50.29492
8788	6923	6892	21.949003
8790	6888	6923	42.18742
8803	6878	6935	11.602498
8828	6901	6972	11.740594
8854	6904	6972	43.241539
8859	6977	6888	22.384498
8861	6979	6904	60.135731
8892	7002	6977	10.062942
8897	7002	7005	3.895044
8900	6979	7007	59.523972
8901	6923	7007	71.763649
8911	7005	7013	5.179916
8919	7007	7020	3.980002
8920	7020	7013	9.889488
8923	7023	7002	61.169773
8924	6935	7023	25.376907
8957	7020	7051	32.221439
8958	7013	7051	9.908949
19814	5385	15468	16.414148
19818	5598	15476	54.169094
19819	5816	15476	15.963509
19820	15478	15479	7.297637
19822	15481	5534	21.698784
19823	15483	22818	11.59487
19824	6100	6113	36.267273
19833	15468	15498	14.14545
19834	15481	22752	6.67173
19835	5444	5443	43.953228
19836	15498	15503	11.467633
19841	6780	16251	18.704844
19843	6662	22313	18.370879
19845	15518	15478	15.386941
19846	15479	15519	21.205992
19847	15503	15481	34.913765
29647605	15483	6216	2.395651
29647609	6175	6366	36.515565
29653265	15519	5181	5.262939
29653526	6395	5688	56.574661
29653596	22312	6768	3.201824
29653597	22313	22312	28.825713
29653598	5785	5605	4.744329
29653725	22404	5896	14.955042
29653808	22513	5577	7.313521
29653907	22686	5785	0.370702
29653954	22752	5598	11.74842
29654003	22818	5689	11.433894
15519
16251
22404
22513
4981
5008
5028
5037
5052
5072
5086
5131
5159
5209
5218
5251
5252
5258
5277
5289
5350
5374
5386
5416
5433
5443
5482
5535
5605
5627
5629
5633
5645
5728
5774
5782
5802
5803
5814
5857
5959
5976
6032
6113
6115
6142
6175
6179
6214
6216
6228
6245
6347
6361
6423
6426
6478
6497
6501
6517
6529
6539
6585
6627
6662
6679
6726
6748
6757
6822
6829
6835
6888
6904
6935
7005
7007
7020
5008	4981	60
5008	5072	4046
5008	5037	5122
5008	5131	1457
5008	6627	2
5008	5218	64
5008	5252	24
5008	5605	42
5008	5857	63
5008	6115	8
5008	6113	9
5008	5814	25
5008	5802	36
5008	6245	7
5008	6214	5
5008	6347	74
5008	6423	6
5008	6501	2
5008	6529	2
5008	6585	2
5008	6497	6
5008	6539	2
5008	5728	2
5008	6216	2
5008	6679	2
5008	6726	29
5008	6829	2
5008	6904	2
5008	6835	4
5008	6822	2
4981	5072	29370
4981	5037	9491
4981	5289	18
4981	5131	9490
4981	5251	53
4981	6627	4
4981	5218	69
4981	5252	64
4981	6032	6
4981	5605	46
4981	5857	2
4981	6115	9
4981	6113	9
4981	5814	27
4981	5802	2
4981	5976	6
4981	6245	9
4981	6214	5
4981	6347	6
4981	6423	7
4981	6501	4
4981	6529	2
4981	6585	2
4981	6497	6
4981	6539	2
4981	5728	2
4981	6679	4
4981	6726	2
4981	6829	2
4981	6904	2
4981	6835	4
4981	6748	6
4981	6822	2
5072	5037	872
5072	5131	91861
5072	5251	80
5072	5159	92562
5072	5443	12
5072	5209	94318
5072	15519	107
5072	5374	6
5072	5218	105
5072	5252	86
5072	5416	22
5072	5605	56
5072	5857	27
5072	5633	10
5072	6115	11
5072	6113	15
5072	5814	49
5072	5802	17
5072	5976	4
5072	6228	8
5072	6245	11
5072	6214	8
5072	6175	2
5072	6748	10
5072	6935	2
5072	6822	4
5037	5350	30
5037	5433	672
5037	5277	6
5037	5289	11871
5037	5482	676
5037	5782	689
5037	5774	689
5037	22404	210
5037	5131	60
5037	5251	134
5037	5159	47492
5037	5535	18203
5037	5443	906
5037	5374	38548
5037	5629	65
5037	5959	31
5037	5803	193
5037	5645	361
5037	6142	76
5037	6361	194
5037	6627	36
5037	5218	11463
5037	5252	16369
5037	5416	891
5037	22513	52666
5037	6032	668
5037	5605	2008
5037	5857	790
5037	6115	96
5037	6113	96
5037	5814	3344
5037	5802	13557
5037	5976	53
5037	6179	738
5037	6228	543
5037	6245	93
5037	6214	32
5037	6347	1127
5037	6423	267
5037	6501	36
5037	6529	32
5037	6585	182
5037	6497	36
5037	6539	33
5037	5728	33
5037	6426	161
5037	6679	36
5037	6726	178
5037	6829	34
5037	6904	33
5037	6757	136
5037	16251	81
5037	7007	11
5037	7020	11
5037	6888	11
5037	7005	11
5037	6935	8
5037	6822	13
5028	5350	5
5028	5433	6
5028	5277	4
5028	5289	188
5028	5482	6
5028	5782	6
5028	5774	25
5028	22404	4
5028	5251	4
5028	5535	17
5028	5443	115
5028	15519	192
5028	5629	10
5028	5959	6
5028	5803	37
5028	6361	8
5028	6627	10
5028	5258	2
5028	5218	14
5028	5252	71
5028	5416	23
5028	5627	4
5028	6032	4
5028	5605	208
5028	5857	88
5028	5633	4
5028	6115	16
5028	6113	16
5028	5814	132
5028	5802	15
5028	5976	18
5028	6179	305
5028	6228	631
5028	6245	16
5028	6214	8
5028	6175	4
5028	6347	12
5028	6423	13
5028	6501	10
5028	6529	10
5028	6585	10
5028	6497	10
5028	6539	43
5028	5728	10
5028	6216	2
5028	6478	2
5028	6426	25
5028	6679	47
5028	6726	10
5028	6829	10
5028	6904	10
5028	6757	1
5028	16251	4
5028	7007	5
5028	7020	5
5028	6888	5
5028	7005	5
5028	6935	4
5028	6822	6
5052	5086	60
5052	5350	15
5052	5433	19
5052	5277	334
5052	5289	1206
5052	5482	19
5052	5782	19
5052	5774	60
5052	22404	18
5052	5131	60
5052	5251	39
5052	5159	2736
5052	5535	602
5052	5443	7092
5052	5209	481704
5052	5374	3984
5052	5629	481
5052	5959	31
5052	5803	1262
5052	6361	19
5052	6627	26
5052	5218	1284
5052	5252	248
5052	5386	1374
5052	6032	1529
5052	5605	83483
5052	5857	33664
5052	5633	1501
5052	6115	800
5052	6113	800
5052	5814	2496
5052	5802	98
5052	6179	1521
5052	6228	1882
5052	6245	785
5052	6214	64
5052	6175	5
5052	6347	617
5052	6423	50
5052	6501	26
5052	6529	24
5052	6585	24
5052	6497	26
5052	6539	207
5052	5728	24
5052	6478	3
5052	6426	4
5052	6679	26
5052	6726	22
5052	6829	22
5052	6904	22
5052	7007	14
5052	7020	16
5052	6888	14
5052	6748	4
5052	7005	14
5052	6935	8
5052	6822	20
5086	5350	15
5086	5433	19
5086	5277	69
5086	5289	124
5086	5482	19
5086	5782	19
5086	5774	60
5086	22404	20
5086	5131	60
5086	5251	33
5086	5159	2740
5086	5535	50
5086	5443	928
5086	5209	102278
5086	5374	12365
5086	5629	361
5086	5959	31
5086	5803	324
5086	5645	2992
5086	6142	385
5086	6361	18
5086	6627	26
5086	5218	1102
5086	5252	1704
5086	5386	860
5086	6032	1529
5086	5605	29241
5086	5857	15212
5086	5633	1501
5086	6115	800
5086	6113	800
5086	5814	2534
5086	5802	428
5086	6179	1521
5086	6228	10022
5086	6245	784
5086	6214	64
5086	6175	5
5086	6347	37
5086	6423	50
5086	6501	26
5086	6529	24
5086	6585	24
5086	6497	26
5086	6539	82
5086	5728	24
5086	6478	3
5086	6426	32
5086	6679	26
5086	6726	83
5086	6829	22
5086	6904	22
5086	7007	14
5086	7020	14
5086	6888	14
5086	6748	10
5086	7005	14
5086	6935	34
5086	6822	20
5350	5433	1002
5350	5277	21298
5350	5482	1002
5350	5782	4354
5350	5774	1002
5350	22404	517
5350	5131	3402
5350	5251	1748
5350	5159	11
5350	5443	46
5350	5209	506
5350	15519	183
5350	5374	125
5350	5258	101
5350	5218	333
5350	5252	181
5350	5416	27
5350	5386	28
5350	5605	193
5350	5857	28
5350	5633	30
5350	6115	14
5350	6113	47
5350	5814	450
5350	5802	16
5350	5976	32
5350	6214	28
5350	6175	19
5350	6216	12
5350	6757	4
5350	16251	23
5350	7007	4
5350	7020	4
5350	6835	4
5350	6888	4
5350	7005	14
5350	6935	2
5350	6822	11
5433	5482	60
5433	5782	60
5433	5774	60
5433	22404	371
5433	5131	629
5433	5251	2365
5433	5159	15
5433	5443	115
5433	5209	138
5433	15519	223
5433	5374	208
5433	5629	396
5433	5959	114
5433	5803	443
5433	5645	53
5433	6142	51
5433	5258	28
5433	5218	78
5433	5252	76
5433	5416	39
5433	5386	4
5433	22513	2
5433	5605	6
5433	5857	4
5433	5633	4
5433	6115	10
5433	6113	31
5433	5814	90
5433	5802	4
5433	6179	8
5433	6228	10
5433	6245	4
5433	6214	13
5433	6175	6
5433	6426	2
5433	6757	38
5433	16251	41
5433	7007	10
5433	7020	10
5433	6835	10
5433	6888	10
5433	7005	10
5433	6935	4
5433	6822	7
5277	22404	1548
5277	5131	618
5277	5251	1620
5277	5159	11
5277	5443	24
5277	5209	7899
5277	15519	186
5277	5374	391
5277	5258	253
5277	5218	1252
5277	5252	1069
5277	5416	419
5277	5386	386
5277	5605	280
5277	5857	137
5277	5633	30
5277	6115	2
5277	6113	46
5277	5814	8899
5277	5802	1358
5277	5976	403
5277	6214	28
5277	6175	19
5277	6216	12
5277	6478	12
5277	6426	203
5277	6517	6
5277	6662	4
5277	6757	22
5277	16251	27
5277	7007	4
5277	7020	45
5277	6835	16
5277	6888	4
5277	6748	10
5277	7005	4
5277	6935	71
5277	6822	18
5289	5131	25549
5289	5251	3773
5289	5159	52
5289	5443	15
5289	5209	37986
5289	15519	257
5289	5374	852
5289	5258	909
5289	5218	3234
5289	5252	1671
5289	5416	123
5289	5386	683
5289	5605	826
5289	5857	1058
5289	5633	38
5289	6113	499
5289	5814	14253
5289	5802	4030
5289	5976	695
5289	6214	261
5289	6175	22
5289	6347	2
5289	6216	178
5289	6478	11
5289	6426	480
5289	6517	6
5289	6662	4
5289	6726	20
5289	6757	14
5289	16251	172
5289	7007	88
5289	7020	416
5289	6835	84
5289	6888	87
5289	6748	65
5289	7005	88
5289	6935	13
5289	6822	20
5482	5782	60
5482	5774	60
5482	22404	2054
5482	5131	632
5482	5251	2371
5482	5159	15
5482	5535	564
5482	5443	115
5482	5209	316
5482	15519	223
5482	5374	222
5482	5629	841
5482	5959	54
5482	5803	2956
5482	5645	198
5482	6142	51
5482	5258	28
5482	5218	79
5482	5252	76
5482	5416	39
5482	5386	30
5482	22513	2
5482	5627	3
5482	6032	2
5482	5605	19
5482	5857	17
5482	5633	5
5482	6115	11
5482	6113	34
5482	5814	318
5482	5802	17
5482	5976	6
5482	6179	8
5482	6228	10
5482	6245	4
5482	6214	14
5482	6175	6
5482	6426	2
5482	6757	15
5482	16251	41
5482	7007	12
5482	7020	12
5482	6835	10
5482	6888	12
5482	7005	73
5482	6935	4
5482	6822	8
5782	5774	150
5782	22404	11113
5782	5131	646
5782	5251	2387
5782	5159	15
5782	5535	314
5782	5443	2276
5782	5209	483
5782	15519	223
5782	5374	89
5782	5629	422
5782	5959	449
5782	5803	5568
5782	5645	194
5782	6142	51
5782	5258	27
5782	5218	80
5782	5416	2
5782	5386	1510
5782	22513	17
5782	6032	2
5782	5605	92
5782	5857	34
5782	5633	5
5782	6115	11
5782	6113	34
5782	5814	472
5782	5802	80
5782	5976	5
5782	6179	8
5782	6228	10
5782	6245	4
5782	6214	14
5782	6175	6
5782	6216	6
5782	6426	2
5782	6757	15
5782	16251	40
5782	7007	11
5782	7020	11
5782	6835	10
5782	6888	11
5782	7005	11
5782	6935	4
5782	6822	40
5774	22404	110065
5774	5131	646
5774	5251	2387
5774	5159	15
5774	5535	2618
5774	5443	4638
5774	5209	3172
5774	15519	223
5774	5374	548
5774	5629	6992
5774	5959	2528
5774	5803	36616
5774	5645	1510
5774	6142	51
5774	5258	27
5774	5218	886
5774	5252	5
5774	5416	2
5774	5386	11022
5774	22513	60
5774	5627	22
5774	6032	16
5774	5605	260
5774	5857	445
5774	5633	19
5774	6115	258
5774	6113	34
5774	5814	4131
5774	5802	799
5774	5976	251
5774	6179	16
5774	6228	10
5774	6245	4
5774	6214	14
5774	6175	6
5774	6216	9
5774	6426	54
5774	6757	170
5774	16251	142
5774	7007	11
5774	7020	11
5774	6835	10
5774	6888	11
5774	6748	21
5774	7005	11
5774	6935	4
5774	6822	8
22404	5131	256
22404	5251	17651
22404	5159	10
22404	5209	1130
22404	15519	6192
22404	6361	2138
22404	6627	2
22404	5258	27
22404	5386	4919
22404	5605	48
22404	5857	113
22404	5633	16
22404	6115	1895
22404	6113	224
22404	5814	340
22404	5802	63
22404	5976	9
22404	6214	10
22404	6175	2
22404	6347	715
22404	6501	761
22404	6529	2
22404	6585	32
22404	6497	2
22404	6539	19
22404	5728	19
22404	6216	4
22404	6478	2
22404	6426	34
22404	6679	2
22404	6726	46
22404	6829	57
22404	6904	5
22404	6757	173
22404	16251	33
22404	7007	102
22404	7020	190
22404	6835	81
22404	6888	23
22404	6748	9
22404	7005	23
22404	6935	267
22404	6822	70
5131	5251	56
5131	5159	54102
5131	5535	18087
5131	5443	785
5131	15519	52753
5131	5374	39568
5131	5629	61
5131	5959	31
5131	5803	169
5131	5645	75
5131	6142	63
5131	6361	58
5131	6627	21
5131	5258	404
5131	5218	229
5131	5252	220
5131	5416	52
5131	5386	16
5131	22513	4778
5131	6032	198
5131	5605	249
5131	5857	186
5131	5633	31
5131	6115	46
5131	6113	46
5131	5814	941
5131	5802	165
5131	5976	75
5131	6179	218
5131	6228	243
5131	6245	45
5131	6214	23
5131	6175	13
5131	6347	106
5131	6423	27
5131	6501	21
5131	6529	19
5131	6585	21
5131	6497	21
5131	6539	19
5131	5728	19
5131	6216	4
5131	6478	6
5131	6426	6
5131	6517	2
5131	6679	21
5131	6726	19
5131	6829	19
5131	6904	19
5131	6757	4
5131	16251	6
5131	7007	10
5131	7020	10
5131	6835	4
5131	6888	10
5131	6748	3
5131	7005	10
5131	6935	7
5131	6822	11
5251	5159	20
5251	5535	28365
5251	5443	1046
5251	5209	656
5251	15519	649
5251	5374	74
5251	5629	910
5251	5959	19673
5251	5803	1052
5251	5645	728
5251	6142	582
5251	6361	11
5251	5258	38
5251	5218	301
5251	5252	753
5251	5416	69
5251	5386	8
5251	6032	44
5251	5605	139
5251	5857	140
5251	5633	30
5251	6115	64
5251	6113	244
5251	5814	757
5251	5802	322
5251	5976	104
5251	6179	1879
5251	6228	813
5251	6245	63
5251	6214	17
5251	6175	11
5251	6347	428
5251	6423	1
5251	6216	21
5251	6478	5
5251	6426	55
5251	6517	2
5251	6757	6
5251	16251	9
5251	7007	34
5251	7020	34
5251	6835	6
5251	6888	34
5251	6748	4
5251	7005	34
5251	6935	7
5251	6822	12
5159	5535	42
5159	5443	562
5159	15519	20917
5159	5374	30772
5159	5629	127
5159	5959	18
5159	5803	431
5159	5645	56
5159	6142	44
5159	6361	40
5159	6627	19
5159	5258	45
5159	5218	122
5159	5252	112
5159	5416	28
5159	5386	2
5159	22513	1602
5159	6032	135
5159	5605	79
5159	5857	56
5159	5633	49
5159	6115	34
5159	6113	34
5159	5814	198
5159	5802	70
5159	6179	153
5159	6228	177
5159	6245	34
5159	6214	17
5159	6175	10
5159	6347	22
5159	6423	23
5159	6501	19
5159	6529	17
5159	6585	17
5159	6497	19
5159	6539	17
5159	5728	17
5159	6216	2
5159	6478	4
5159	6426	4
5159	6679	19
5159	6726	17
5159	6829	17
5159	6904	16
5159	6757	4
5159	16251	5
5159	7007	7
5159	7020	7
5159	6835	3
5159	6888	7
5159	6748	12
5159	7005	7
5159	6935	5
5159	6822	8
5535	5443	106
5535	5209	20701
5535	15519	464
5535	5629	48
5535	5803	2452
5535	5645	1232
5535	6142	290
5535	6361	468
5535	5258	4438
5535	5218	934
5535	5252	964
5535	5386	345
5535	5605	6
5535	5857	36
5535	6113	40
5535	5814	60
5535	5802	17
5535	5976	2
5535	6179	2
5535	6214	10
5535	6175	4
5535	6347	52222
5535	6216	2
5535	6478	3
5535	6426	3
5535	6726	43
5535	6829	44
5535	6904	41
5535	6757	11
5535	16251	4
5535	7007	72
5535	7020	72
5535	6888	72
5535	6748	10
5535	7005	72
5535	6935	8
5535	6822	15
5443	5209	296276
5443	15519	1461
5443	5374	121758
5443	5629	540
5443	5803	138
5443	5645	8510
5443	6142	1476
5443	6361	1537
5443	5258	16925
5443	5218	9073
5443	5252	7062
5443	5416	351
5443	5386	675
5443	5605	185
5443	5857	47
5443	6113	840
5443	5814	456
5443	5802	74
5443	5976	2
5443	6179	1614
5443	6214	10
5443	6175	21
5443	6478	2
5443	6426	67
5443	6726	390
5443	6829	49
5443	6757	13
5443	16251	3
5443	7007	66
5443	7020	66
5443	6835	8
5443	6888	66
5443	6748	46
5443	7005	291
5443	6935	8
5443	6822	153
5209	15519	57597
5209	5374	138174
5209	5629	16044
5209	5959	209
5209	5803	17018
5209	6361	3606
5209	6627	395
5209	5258	9022
5209	5218	31273
5209	5252	19278
5209	5416	1599
5209	5386	213
5209	22513	1098
5209	6032	282
5209	5605	5373
5209	5857	3143
5209	5633	1272
5209	6115	348
5209	6113	588
5209	5814	19548
5209	5802	3066
5209	5976	1383
5209	6179	338
5209	6228	16381
5209	6245	35
5209	6214	410
5209	6175	10
5209	6347	2666
5209	6423	25
5209	6501	270
5209	6529	211
5209	6585	148
5209	6497	80
5209	6539	197
5209	5728	136
5209	6216	198
5209	6478	4
5209	6426	588
5209	6517	21
5209	6679	480
5209	6726	3866
5209	6829	30
5209	6904	136
5209	6757	187
5209	16251	31
5209	7007	39
5209	7020	114
5209	6835	101
5209	6888	8
5209	6748	158
5209	7005	39
5209	6935	76
5209	6822	128
15519	5374	117194
15519	5629	1304
15519	5959	770
15519	5803	1170
15519	5645	10381
15519	6142	5629
15519	6361	4
15519	6627	5
15519	5218	62
15519	5252	30
15519	5416	1
15519	6032	2
15519	5605	17
15519	5857	19
15519	5633	6
15519	6115	8
15519	6113	8
15519	5814	48
15519	5802	4
15519	5976	7
15519	6179	2
15519	6228	10
15519	6245	8
15519	6214	31
15519	6347	6
15519	6423	56
15519	6501	5
15519	6529	4
15519	6585	4
15519	6497	5
15519	6539	4
15519	5728	4
15519	6216	4
15519	6679	5
15519	6726	4
15519	6829	4
15519	6904	4
15519	7007	4
15519	7020	4
15519	6888	4
15519	7005	4
15519	6935	2
15519	6822	4
5374	5258	209
5374	5218	5882
5374	5252	3390
5374	5416	21
5374	5605	6
5374	5857	232
5374	5633	4
5374	6113	89
5374	5814	777
5374	5802	144
5374	5976	15
5374	6214	24
5374	6175	7
5374	6478	4
5374	6426	93
5374	6757	8
5374	16251	31
5374	7007	81
5374	7020	81
5374	6888	81
5374	6748	2
5374	7005	81
5374	6935	55
5374	6822	106
5629	5803	2474
5629	5645	1638
5629	6142	374
5629	6361	2253
5629	5258	1781
5629	5218	1186
5629	5252	75
5629	5386	731
5629	5605	14
5629	5857	6
5629	6113	40
5629	5814	89
5629	5802	31
5629	5976	2
5629	6179	2
5629	6214	15
5629	6175	4
5629	6478	3
5629	6426	3
5629	6726	2
5629	6829	2
5629	6904	2
5629	16251	13
5629	7007	70
5629	7020	70
5629	6888	70
5629	7005	70
5629	6935	8
5629	6822	15
5959	6361	373
5959	5258	41
5959	5386	542
5959	5605	4
5959	5857	54
5959	5633	2
5959	6113	36
5959	5814	141
5959	5802	6
5959	6214	10
5959	6175	4
5959	6478	2
5959	6426	28
5959	6726	1
5959	6829	1
5959	6904	1
5959	16251	2
5959	7007	62
5959	7020	62
5959	6888	62
5959	7005	62
5959	6935	8
5959	6822	14
5803	5645	3030
5803	6142	1410
5803	6361	1487
5803	5258	4425
5803	5386	8015
5803	5605	259
5803	5857	245
5803	5633	8
5803	6113	38
5803	5814	860
5803	5802	157
5803	5976	11
5803	6179	1632
5803	6214	10
5803	6175	4
5803	6478	27
5803	6426	53
5803	6757	13
5803	16251	3
5803	7007	289
5803	7020	66
5803	6888	66
5803	6748	44
5803	7005	66
5803	6935	8
5803	6822	14
5645	6142	56
5645	6361	4488
5645	5386	5050
5645	6032	176
5645	5605	101
5645	5857	79
5645	6115	6508
5645	6113	15278
5645	5814	445
5645	5802	102
5645	5976	6
5645	6179	274363
5645	6228	21792
5645	6245	6275
5645	6478	2
5645	6426	11
5645	6757	36
5645	16251	12
5645	7007	27
5645	7020	134
5645	6835	2
5645	6888	42
5645	7005	27
5645	6935	2
5645	6822	21
6142	6361	56
6142	5386	677
6142	5605	4158
6142	5857	143
6142	6113	123
6142	5814	1755
6142	5802	5819
6142	5976	5494
6142	6179	474
6142	6228	50872
6142	6726	214
6142	6829	216
6142	6904	216
6142	6757	17
6142	16251	41
6142	7007	10
6142	7020	10
6142	6835	10
6142	6888	10
6142	6748	3
6142	7005	10
6142	6935	19
6142	6822	79
6361	5258	193
6361	5218	122
6361	5252	17
6361	5416	11
6361	5386	126
6361	22513	162
6361	5627	260
6361	5605	9
6361	5814	8108
6361	5802	999
6361	5976	12830
6361	6179	108
6361	6175	126
6361	6216	10
6361	6726	2408
6361	6829	2506
6361	6757	344
6361	16251	367
6361	7007	6
6361	7020	6
6361	6835	6
6361	6888	42
6361	7005	62
6361	6935	16
6361	6822	15
6627	5258	490
6627	5218	1669
6627	5252	826
6627	5416	172
6627	5386	440
6627	22513	8
6627	5627	174
6627	5605	198
6627	5814	1678
6627	5802	493
6627	5976	995
6627	6175	4
6627	6501	60
6627	6529	60
6627	6585	60
6627	6497	60
6627	6539	150
6627	5728	60
6627	6478	36
6627	6662	430
6627	6679	60
6627	6726	38
6627	6829	38
6627	6904	26
6627	6757	3656
6627	16251	26
6627	7007	502
6627	7020	502
6627	6835	488
6627	6888	502
6627	6748	576
6627	7005	502
6627	6935	46
6627	6822	4180
5258	5218	307722
5258	5252	209116
5258	5416	5743
5258	5386	5
5258	22513	1822
5258	5627	46
5258	6032	255
5258	5605	16313
5258	5857	2526
5258	5633	41
5258	6115	1452
5258	6113	38
5258	5814	3152
5258	5802	594
5258	5976	208
5258	6179	47
5258	6228	42
5258	6245	53
5258	6214	16
5258	6175	8
5258	6347	122
5258	6423	21
5258	6501	68
5258	6529	15
5258	6585	15
5258	6497	16
5258	6539	98
5258	5728	15
5258	6216	36
5258	6478	3
5258	6426	120
5258	6517	11
5258	6679	16
5258	6726	665
5258	6829	265
5258	6904	14
5258	6757	22
5258	16251	4
5258	7007	16
5258	7020	63
5258	6835	2
5258	6888	6
5258	6748	81
5258	7005	6
5258	6935	4
5258	6822	8
5218	5252	830
5218	5386	246
5218	6032	8161
5218	5605	18144
5218	5857	5113
5218	5633	5674
5218	6115	783
5218	6113	769
5218	5814	992
5218	5802	446
5218	6179	1313
5218	6228	1804
5218	6245	765
5218	6214	60
5218	6175	5
5218	6347	397
5218	6423	49
5218	6501	25
5218	6529	23
5218	6585	24
5218	6497	24
5218	6539	23
5218	5728	23
5218	6478	2
5218	6426	3
5218	6679	25
5218	6726	438
5218	6829	21
5218	6904	21
5218	7007	14
5218	7020	161
5218	6888	14
5218	7005	14
5218	6935	6
5218	6822	146
5252	5386	550
5252	5627	11287
5252	6032	1345
5252	5605	16641
5252	5857	2996
5252	5633	1315
5252	6115	792
5252	6113	778
5252	5814	546
5252	5802	218
5252	6179	1331
5252	6228	1834
5252	6245	774
5252	6214	60
5252	6175	5
5252	6347	401
5252	6423	49
5252	6501	25
5252	6529	23
5252	6585	82
5252	6497	25
5252	6539	139
5252	5728	23
5252	6478	2
5252	6426	53
5252	6679	25
5252	6726	269
5252	6829	21
5252	6904	21
5252	7007	60
5252	7020	14
5252	6888	14
5252	6748	17
5252	7005	14
5252	6935	6
5252	6822	19
5416	6032	4
5416	5605	221
5416	5857	444
5416	5633	12
5416	6115	197
5416	6113	45
5416	5814	187
5416	5976	4
5416	6179	4
5416	6228	9558
5416	6245	43
5416	6214	14
5416	6175	4
5416	6347	74
5416	6423	90
5416	6501	14
5416	6529	14
5416	6585	14
5416	6497	14
5416	6539	14
5416	5728	14
5416	6216	3
5416	6478	2
5416	6426	49
5416	6662	2
5416	6679	14
5416	6726	115
5416	6829	110
5416	6904	12
5416	6757	6
5416	16251	2
5416	7007	7
5416	7020	7
5416	6888	7
5416	6748	13
5416	7005	7
5416	6935	10
5416	6822	8
5386	22513	33171
5386	5627	212491
5386	6032	2478
5386	5605	16844
5386	5857	7693
5386	5633	1325
5386	6115	5900
5386	6113	782
5386	5814	346
5386	5802	56
5386	6179	1341
5386	6228	9840
5386	6245	777
5386	6214	60
5386	6175	5
5386	6347	3638
5386	6423	284
5386	6501	149
5386	6529	81
5386	6585	147
5386	6497	147
5386	6539	200
5386	5728	23
5386	6478	2
5386	6426	316
5386	6679	25
5386	6726	976
5386	6829	143
5386	6904	77
5386	6757	4
5386	16251	7
5386	7007	62
5386	7020	14
5386	6888	14
5386	6748	114
5386	7005	14
5386	6935	59
5386	6822	553
22513	5605	6436
22513	5857	7046
22513	5633	36
22513	6115	1413
22513	6113	498
22513	5814	9507
22513	5802	2299
22513	5976	161
22513	6228	12958
22513	6245	385
22513	6214	25
22513	6175	8
22513	6347	278
22513	6423	74
22513	6501	8
22513	6529	41
22513	6585	8
22513	6497	45
22513	6539	40
22513	5728	7
22513	6216	10
22513	6478	4
22513	6426	180
22513	6517	13
22513	6679	8
22513	6726	8
22513	6829	45
22513	6904	8
22513	16251	2
22513	7007	16
22513	7020	16
22513	6888	16
22513	6748	15
22513	7005	16
22513	6935	10
22513	6822	109
5627	6032	40
5627	5605	85849
5627	5857	357016
5627	5633	6529
5627	6115	1648
5627	6113	15680
5627	5814	137457
5627	5802	31553
5627	5976	1746
5627	6179	20
5627	6228	1542
5627	6245	9662
5627	6214	7129
5627	6175	497
5627	6347	7886
5627	6423	214
5627	6501	216
5627	6529	13
5627	6585	14
5627	6497	15
5627	6539	216
5627	5728	70
5627	6216	747
5627	6478	8
5627	6426	984
5627	6517	23
5627	6679	15
5627	6726	160
5627	6829	294
5627	6904	79
5627	16251	69
5627	7007	119
5627	7020	23
5627	6835	15
5627	6888	23
5627	6748	264
5627	7005	23
5627	6935	79
5627	6822	151
6032	5857	1018
6032	5633	60
6032	6115	650
6032	6113	60
6032	5976	97046
6032	6179	60
6032	6228	7606
6032	6245	60
6032	6347	550
6032	6426	4074
6032	6517	32
6032	6662	15
6032	6757	145
6032	16251	244
6032	7007	25
6032	7020	25
6032	6835	6
6032	6888	6
6032	6748	505
6032	7005	19
6032	6935	530
6032	6822	2391
5605	6115	1490
5605	6113	247
5605	6228	23383
5605	6245	240
5605	6214	19
5605	6175	2
5605	6347	395
5605	6423	20
5605	6501	9
5605	6529	49
5605	6585	47
5605	6497	51
5605	6539	47
5605	5728	47
5605	6426	73
5605	6679	9
5605	6726	96
5605	6829	49
5605	6904	9
5605	6757	2
5605	16251	4
5605	7007	8
5605	7020	11
5605	6888	11
5605	6748	10
5605	7005	44
5605	6935	4
5605	6822	110
5857	5633	250
5857	6115	740
5857	6113	137432
5857	5976	1018
5857	6179	60
5857	6228	7358
5857	6245	60
5857	6214	10405
5857	6175	94
5857	6347	6753
5857	6423	7
5857	6216	417252
5857	6478	218
5857	6426	2556
5857	6662	5
5857	6757	196
5857	16251	148
5857	7007	2406
5857	7020	232
5857	6835	22
5857	6888	6836
5857	6748	821
5857	7005	3536
5857	6935	19
5857	6822	979
5633	6115	150
5633	5976	31072
5633	6179	60
5633	6228	6764
5633	6245	60
5633	6347	60
5633	6478	55
5633	6426	56
5633	6517	8
5633	6757	15
5633	16251	25
5633	7007	8
5633	7020	8
5633	6835	7
5633	6888	8
5633	6748	82
5633	7005	8
5633	6935	19
5633	6822	51
6115	6113	60
6115	5814	31419
6115	5802	12231
6115	5976	46669
6115	6179	60
6115	6228	17770
6115	6245	60
6115	6347	540
6115	6426	3131
6115	6517	30
6115	6662	45
6115	6757	509
6115	16251	244
6115	7007	7
6115	7020	7
6115	6835	7
6115	6888	7
6115	6748	172
6115	7005	21
6115	6935	75
6115	6822	268
6113	5814	3793
6113	5802	752
6113	5976	10721
6113	6179	60
6113	6228	17513
6113	6245	60
6113	6347	304
6113	6478	207
6113	6426	5346
6113	6517	34
6113	6662	9
6113	6757	164
6113	16251	13
6113	7007	65
6113	7020	65
6113	6835	39
6113	6888	716
6113	6748	371
6113	7005	206
6113	6935	38
6113	6822	98
5814	5802	720
5814	6179	752
5814	6228	7310
5814	6245	6502
5814	6214	65
5814	6175	68
5814	6347	79568
5814	6423	5234
5814	6501	3105
5814	6529	1433
5814	6585	1718
5814	6497	1069
5814	6539	6403
5814	5728	493
5814	6478	260
5814	6426	9681
5814	6517	26
5814	6662	8
5814	6679	1743
5814	6726	10357
5814	6829	791
5814	6904	2857
5814	6757	203
5814	16251	79
5814	7007	316
5814	7020	570
5814	6835	19
5814	6888	3056
5814	6748	4064
5814	7005	3836
5814	6935	1839
5814	6822	7514
5802	6179	623
5802	6228	921
5802	6245	750
5802	6214	122
5802	6175	5
5802	6347	16404
5802	6423	1756
5802	6501	634
5802	6529	194
5802	6585	467
5802	6497	350
5802	6539	987
5802	5728	376
5802	6478	77
5802	6426	1307
5802	6517	9
5802	6662	2
5802	6679	429
5802	6726	2455
5802	6829	76
5802	6904	256
5802	6757	31
5802	16251	25
5802	7007	258
5802	7020	13
5802	6835	4
5802	6888	518
5802	6748	579
5802	7005	580
5802	6935	293
5802	6822	1154
5976	6179	10403
5976	6228	12957
5976	6245	10421
5976	6214	701
5976	6175	61
5976	6347	75643
5976	6423	3684
5976	6501	3886
5976	6529	2376
5976	6585	2821
5976	6497	1938
5976	6539	4458
5976	5728	1194
5976	6216	703
5976	6478	13081
5976	6426	176927
5976	6517	2428
5976	6662	979
5976	6679	2682
5976	6726	11113
5976	6829	1073
5976	6904	1978
5976	6757	18580
5976	16251	2812
5976	7007	829
5976	7020	1128
5976	6835	2558
5976	6888	5770
5976	6748	49573
5976	7005	5036
5976	6935	3896
5976	6822	5445
6179	6228	7606
6179	6245	60
6179	6347	60
6179	6426	232
6179	6517	32
6179	6662	9
6179	6757	37
6179	16251	25
6179	7007	6
6179	7020	6
6179	6835	6
6179	6888	6
6179	6748	52
6179	7005	6
6179	6935	32
6179	6822	86
6228	6245	4296
6228	6347	54
6228	6426	94
6228	6517	20
6228	6662	4
6228	6726	1018
6228	6829	1024
6228	6904	984
6228	6757	78
6228	16251	215
6228	7007	14
6228	7020	14
6228	6835	35
6228	6888	14
6228	6748	87
6228	7005	14
6228	6935	31
6228	6822	75
6245	6175	165
6245	6347	60
6245	6757	395
6245	16251	21
6245	7007	5
6245	7020	5
6245	6835	5
6245	6888	5
6245	7005	5
6245	6935	2
6245	6822	21
6214	6347	7475
6214	6423	153
6214	6497	19
6214	6216	60
6214	6478	2776
6214	6426	18988
6214	6517	292
6214	6662	40
6214	6757	154
6214	16251	35
6214	7007	127
6214	7020	127
6214	6835	237
6214	6888	127
6214	6748	341
6214	7005	127
6214	6935	74
6214	6822	354
6175	6347	21459
6175	6423	58
6175	6501	4
6175	6529	4
6175	6585	4
6175	6497	4
6175	6539	4
6175	5728	4
6175	6478	1658
6175	6426	110444
6175	6517	1758
6175	6662	148
6175	6679	4
6175	6757	1506
6175	16251	548
6175	7007	304
6175	7020	304
6175	6835	454
6175	6888	3460
6175	6748	7067
6175	7005	304
6175	6935	2566
6175	6822	1217
6347	6216	25244
6347	6757	3430
6347	16251	1959
6347	7007	89
6347	7020	51
6347	6835	241
6347	6888	294
6347	6748	19
6347	7005	332
6347	6935	110
6347	6822	616
6423	6497	60
6423	6216	18
6423	6478	60
6423	6426	440
6423	6757	24
6423	16251	288
6423	7007	2
6423	7020	2
6423	6835	8
6423	6888	22
6423	7005	2
6423	6935	6
6423	6822	40
6501	6529	150
6501	6585	60
6501	6497	60
6501	6539	60
6501	5728	60
6501	6216	7
6501	6478	36
6501	6662	25
6501	6679	60
6501	6726	14290
6501	6829	14278
6501	6904	9568
6501	6757	1145
6501	16251	2512
6501	7007	59
6501	7020	15
6501	6835	14
6501	6888	43
6501	6748	46
6501	7005	66
6501	6822	2238
6529	6585	60
6529	6497	60
6529	6539	56
6529	5728	56
6529	6216	7
6529	6478	60
6529	6517	92
6529	6662	1797
6529	6679	60
6529	6726	1156
6529	6829	1136
6529	6904	1050
6529	6757	151351
6529	16251	4532
6529	7007	1432
6529	7020	1432
6529	6835	1417
6529	6888	11123
6529	6748	3813
6529	7005	6137
6529	6935	628
6529	6822	8682
6585	6497	60
6585	6539	240
6585	5728	60
6585	6478	60
6585	6662	7
6585	6679	60
6585	6726	1150
6585	6829	1130
6585	6904	4518
6585	6757	1535
6585	16251	1104
6585	7007	15
6585	7020	15
6585	6835	88
6585	6888	105
6585	6748	15
6585	7005	125
6585	6935	16
6585	6822	4193
6497	6539	60
6497	5728	60
6497	6216	6
6497	6478	60
6497	6426	236
6497	6662	180
6497	6679	60
6497	6726	6014
6497	6829	11502
6497	6904	5914
6497	6757	614
6497	16251	162
6497	7007	15
6497	7020	15
6497	6835	14
6497	6888	52
6497	6748	29
6497	7005	43
6497	6822	1060
6539	5728	60
6539	6216	20
6539	6478	60
6539	6517	2
6539	6662	171
6539	6679	150
6539	6726	10608
6539	6829	1122
6539	6904	459
6539	6757	29975
6539	16251	8011
6539	7007	59
6539	7020	88
6539	6835	1046
6539	6888	1143
6539	6748	915
6539	7005	509
6539	6935	28
6539	6822	28509
5728	6216	7
5728	6478	60
5728	6679	60
5728	6726	1142
5728	6829	6600
5728	6904	202
5728	6757	4415
5728	16251	1481
5728	7007	52
5728	7020	43
5728	6835	197
5728	6888	188
5728	6748	90
5728	7005	43
5728	6822	35046
6216	6478	10185
6216	6426	222216
6216	6517	448
6216	6662	107
6216	6726	41
6216	6829	9
6216	6757	20
6216	16251	7
6216	7007	153
6216	7020	624
6216	6835	4
6216	6888	822
6216	6748	5123
6216	7005	6337
6216	6935	1244
6216	6822	7122
6478	6426	2620
6478	6679	36
6478	6726	956
6478	6829	952
6478	6904	914
6478	6757	266
6478	16251	43
6478	7007	18
6478	7020	18
6478	6835	56
6478	6888	227
6478	6748	15
6478	7005	146
6478	6935	6
6478	6822	45
6426	7007	107
6426	7020	254
6426	6888	2808
6426	6748	883
6426	7005	1060
6426	6935	1660
6426	6822	8656
6517	7007	105
6517	7020	105
6517	6888	1057
6517	6748	1355
6517	7005	105
6517	6935	1185
6517	6822	2544
6662	6679	7
6662	6726	51
6662	6829	7
6662	6904	7
6662	16251	7
6662	6748	179880
6662	6935	4752
6662	6822	35929
6679	6726	38
6679	6829	38
6679	6904	26
6679	6757	1101
6679	16251	26
6679	7007	135
6679	7020	135
6679	6835	134
6679	6888	135
6679	7005	135
6679	6935	5
6679	6822	8561
6726	6829	60
6726	6904	150
6726	6757	15420
6726	16251	240
6726	7007	778
6726	7020	778
6726	6835	907
6726	6888	910
6726	6748	532
6726	7005	135
6726	6935	54
6726	6822	24511
6829	6904	60
6829	6757	1383
6829	16251	240
6829	7007	778
6829	7020	778
6829	6835	135
6829	6888	135
6829	6748	28
6829	7005	135
6829	6935	5
6829	6822	9743
6904	6757	796
6904	16251	60
6904	7007	14
6904	7020	14
6904	6835	128
6904	6888	128
6904	6748	8
6904	7005	28
6904	6935	28
6904	6822	1638
6757	16251	8477
6757	6822	76715
16251	7007	128
16251	7020	128
16251	6835	128
16251	6888	825
16251	6748	19
16251	7005	128
16251	6935	26
16251	6822	8702
7007	7020	60
7007	6835	60
7007	6888	60
7007	6748	814
7007	7005	60
7020	6835	60
7020	6888	150
7020	6748	814
7020	7005	60
6835	6888	60
6835	6748	803
6835	7005	60
6888	6748	4231
6888	7005	60
6748	7005	814
6748	6935	92
6748	6822	2328
