420	165	5405
2295	1833	1834	3.187571
16007	12433	12434	3.086692
16008	12435	12433	8.019972
16009	12436	12433	1.291475
16014	12442	12444	18.292232
16024	12460	12461	6.246982
16026	12462	12463	8.009385
16028	12466	12467	30.837742
16666	12778	12924	19.080133
16695	12924	12946	2.286294
16709	12957	12886	8.435361
16710	12958	12957	0.837541
16725	12958	12970	35.020897
16729	12946	12974	6.86262
16739	12970	12968	25.463825
16740	12974	12986	1.587693
16742	12987	12957	51.309105
16764	13002	12970	4.817262
16790	12968	13022	18.26452
16797	13028	13022	2.19078
16798	13028	12986	11.720745
16841	13059	13028	11.245919
16842	12986	13059	11.415062
16843	13060	13059	4.526925
16871	13078	12958	20.987866
16872	13078	13002	12.901804
16883	13087	13078	2.492428
16884	13022	13087	27.33736
16890	12434	12987	25.3398
16894	13093	13094	3.678899
16896	13087	12435	3.516645
16899	13098	13092	33.568336
16900	13090	13093	7.441993
16912	12435	13105	20.415882
16914	13107	12444	16.484904
16915	13108	13059	8.760007
16918	13111	13107	6.3748
16919	13094	12450	4.101406
16922	13114	13108	0.570605
16932	13098	13123	7.404219
16933	13123	12442	5.832909
16937	13125	13028	39.436176
16938	12467	12450	4.246969
16939	13108	13125	13.029141
16943	13105	13130	6.521303
16944	13125	13130	2.566978
16958	13140	13111	8.274178
16959	13140	13141	2.984604
16964	13144	13117	4.729248
16968	12442	13148	4.907415
16969	13148	13149	4.542262
16970	13140	13150	1.224459
16976	13154	12436	12.100194
16979	12436	13157	4.921059
16980	13202	13140	8.557392
16982	13160	13141	10.398141
16992	13148	13166	2.246495
17004	13150	12454	4.115392
17009	12461	13177	1.028069
17021	13183	13090	12.888802
17022	13183	12462	3.120234
17024	13166	13185	6.094729
17026	13187	13166	20.337086
17027	13187	12444	16.910245
17028	13177	13187	9.637473
17031	13190	13130	28.987091
17032	13183	13191	5.791068
17035	13193	13177	14.224995
17036	13194	12450	14.717447
17037	13195	13114	19.428929
17042	13198	13187	6.057747
17043	13199	13187	3.301586
17047	13202	12460	11.406022
17050	13204	12462	5.286914
17054	13194	13208	4.934939
17055	13209	13198	1.997189
17056	13209	13193	2.872967
17057	13210	12466	6.448008
17058	13211	13195	1.427374
17063	13215	13144	38.616955
17068	13219	13092	19.788132
17074	13224	13144	19.332821
17075	13225	13224	10.315645
17076	13224	13219	3.117911
17080	13228	13194	5.456534
17081	13228	13191	9.27565
17082	13229	13202	3.233115
17086	13232	13215	2.332054
17087	13233	13195	15.115684
17091	1834	13210	5.993721
17092	13236	12463	20.839591
17093	13236	13207	10.888156
17095	13238	13212	11.017053
17097	13255	13204	23.375999
17099	13219	13241	18.102247
17100	13185	13241	14.220755
17101	13229	13242	5.953581
17104	13244	13224	4.023287
17108	13202	13247	12.498576
17110	13249	13250	5.634506
17111	13250	13228	2.906815
17114	13238	13232	20.035137
17117	13253	13209	9.036455
17122	13236	13255	7.644359
17125	13257	13244	5.747147
17126	13257	13232	6.786315
17131	13261	13199	15.175539
17132	13236	13262	6.184732
17133	13242	21905	3.17136
17134	13257	13263	4.816649
17135	13263	13244	5.61919
17136	13264	13190	30.220947
17137	13233	13264	10.916507
17142	13267	13268	3.550666
17143	13262	13267	3.81685
17144	13269	13253	3.367479
17145	13270	13269	16.644329
17148	13272	13264	4.411278
17149	13272	13273	9.273813
17154	13275	13255	17.451773
17155	13276	1833	13.717531
17157	13277	13261	5.389735
17158	13278	13277	5.463549
17159	13279	13276	2.147156
17160	13279	13249	20.367878
17161	13268	13280	8.880679
17163	13281	13229	6.519059
17168	13284	13278	2.028706
17169	13284	13270	2.821404
17170	13285	13279	0.939984
17171	13241	13286	12.875407
17172	22586	22581	2.306151
17173	13255	22588	19.375
17174	13273	13288	41.205433
17175	22581	13285	8.835017
17177	13290	13267	4.387606
17179	13241	13292	11.639757
17180	13261	13292	10.81838
17188	13297	13298	1.207159
17189	13299	13212	12.225305
17190	13299	13300	2.1255
17191	13280	13301	2.472344
17192	13301	13289	1.529592
17193	13301	13302	2.287736
17194	13288	13299	5.704324
17196	13304	13275	3.653728
17198	13306	13284	2.313231
17200	13308	13276	6.376878
17201	13309	13238	16.147891
17203	13311	13281	2.081708
17204	13298	13311	2.849104
17205	22581	22588	1.778461
17209	13268	13315	6.743113
17210	13302	13316	8.869921
17213	13318	13272	15.294642
17214	13319	13269	7.978174
17217	13319	13306	8.361941
17218	13321	13319	2.278184
17219	13311	13321	7.577008
17221	13300	13309	31.441582
17223	13323	13315	3.198627
17224	13323	13301	3.331482
17227	13292	13326	5.371326
17228	13327	13306	3.46628
17229	13328	13321	1.841668
17233	13331	13297	10.426057
17235	13328	13327	9.707491
17236	12435	13333	39.105237
17237	13333	13318	4.63391
17238	13326	13334	1.806006
17241	13336	13309	2.437627
17248	13312	13340	10.748742
17249	13336	13341	2.459704
17250	13316	13342	9.87357
17252	13343	13311	4.073781
17253	13286	13344	27.108339
17257	13346	13343	1.144153
17259	13340	13348	4.638604
17265	13353	13290	10.082679
17268	13326	13355	9.217556
17269	13327	13355	42.455486
17270	13341	13356	4.247835
17272	13358	13331	4.256121
17273	13318	13359	8.372251
17274	13360	13327	5.673232
17278	13363	13263	42.287678
17279	13344	13364	9.264514
17280	13359	13365	31.125408
17281	13364	13366	4.855289
17282	13367	13358	1.135502
17284	13363	13366	10.221503
17285	13304	13369	11.403819
17286	13353	13369	3.263779
17287	13336	13363	68.265556
17289	13371	13323	8.095428
17290	13371	13353	8.018081
17291	13365	13372	10.101161
17292	13288	13372	40.908688
17293	13356	13372	55.786011
17295	13366	13374	1.637342
17297	13375	13367	1.487814
17313	13355	13387	5.515789
17315	13348	13389	5.357361
17316	13389	13369	8.994549
17320	13341	13392	19.016494
17321	13393	13334	11.297163
17323	13393	13364	12.514302
17325	13346	13406	6.658229
17328	13399	22417	13.257295
17332	13393	13402	9.139797
17333	13402	13387	7.915049
17336	13405	13393	2.543104
17338	13407	13360	7.185275
17341	13387	13408	6.193709
17348	13412	13375	4.37257
17349	13374	13413	6.440344
17352	13342	13416	14.756885
17356	13422	13408	12.480735
17357	13407	13422	2.72878
17359	13422	13406	5.550518
17360	13423	13412	1.189537
17364	13416	13426	10.60776
17365	13426	13333	23.136437
17367	13427	13399	6.020029
17368	13427	13389	8.022411
17370	13430	13423	1.658024
17371	13430	13406	4.316966
17373	13432	13408	17.180245
17381	13438	13405	5.603158
17382	13438	13432	6.362447
17383	13439	13427	3.063505
17384	13440	13430	1.511726
17397	13451	13427	6.553614
17398	13452	13438	5.025627
17402	13372	13455	16.851573
17403	13455	13392	54.388004
17404	13432	13456	9.5235
17405	13456	21906	1.569104
17406	13457	13439	3.970772
17407	13422	13458	13.808817
17408	13458	13440	2.931634
17411	13359	13460	18.339705
17417	13464	13422	6.077888
17418	13371	13465	19.274504
17419	13466	13464	2.204047
17421	13465	13416	22.663455
17423	13458	13468	1.476281
17424	13426	13469	10.726775
17427	13468	13472	0.408193
17428	13473	13466	3.667224
17429	13472	13473	0.90717
17431	13475	13452	4.797065
17435	13473	13477	1.249437
17439	13480	13363	53.697414
17440	13413	13480	31.670422
17441	13481	13460	12.217961
17442	13472	13482	2.791109
17443	13483	13475	6.334914
17445	13480	13483	5.735914
17446	13464	13485	11.665909
17451	13477	13487	2.921731
17452	13456	13488	9.357386
17453	13488	13485	7.98806
17463	13495	13392	62.03643
17464	13495	13480	21.127135
17468	13499	13487	3.073282
17470	13475	13501	7.355747
17473	13505	13495	5.821437
17475	13482	13506	4.987413
17483	13514	13455	9.484851
17484	13514	13505	12.705189
17485	13515	13481	43.252766
17486	13455	13515	38.472694
17487	13515	13516	6.972558
17491	13516	13514	6.591092
17493	13487	13521	4.638543
17498	22709	22711	4.412378
17500	13515	13527	1.469709
17501	22711	13465	22.843856
17506	13481	13531	9.396611
17507	13531	13515	17.452934
17509	13521	13532	2.048065
17511	13480	13533	23.856752
17512	13488	13534	6.665428
17513	13477	13534	15.440656
17515	13532	13536	0.725974
17516	13537	13416	22.509194
17517	13538	13499	3.853029
17520	13532	13540	2.149804
17521	13541	13506	4.554366
17524	13534	13538	13.832924
17526	13543	13531	4.473665
17528	13534	13544	15.559884
17539	13552	13553	4.344763
17540	13544	13552	3.006317
17545	13536	13558	15.012856
17547	13558	13559	3.86125
17548	13536	13559	5.321909
17549	13469	13560	23.233407
17550	13560	13543	9.582162
17557	13534	13566	5.064945
17558	13567	13560	4.799417
17559	13559	13568	2.353008
17564	2065	22709	9.486385
17569	13537	13574	8.21837
17571	13495	13576	14.567146
17572	13576	13577	3.800591
17573	13533	13578	44.987888
17574	13501	13578	12.296702
17575	13552	13578	16.20413
17577	2065	13580	5.48339
17583	13586	13587	3.470846
17588	13591	13505	15.799806
17593	13577	13595	62.010155
17594	13578	13595	5.448554
17599	13527	13600	16.755805
17605	13576	13591	61.174889
17606	13605	13600	3.627671
17607	13606	13607	8.877808
17611	13610	13543	11.73533
17618	13559	13616	10.061206
17619	13591	13605	11.872504
17620	13607	13617	8.734117
17621	13617	13616	13.431791
17624	13620	13606	6.836838
17629	13606	13617	26.036985
17630	13465	13624	28.636039
17631	13719	2065	35.834367
17632	13616	13626	2.479081
17637	13578	13630	8.576181
17638	13630	13620	49.911812
17642	13574	13633	13.965027
17643	13633	13560	22.252749
17650	13639	13610	6.545932
17651	13600	13639	26.289425
17655	13626	13641	4.79515
17665	13648	13633	6.488608
17670	13595	13659	26.295221
17673	13641	13655	3.618217
17674	13656	13617	9.408518
17687	13665	13567	18.931227
17688	13666	13600	26.623196
17689	13667	13665	5.075251
17690	13667	13639	8.051238
17694	13671	13656	7.242815
17711	13671	13684	13.909085
17712	13655	13684	7.454392
17713	13659	13685	11.733019
17717	13630	13687	21.971997
17720	13690	13667	5.987935
17730	13696	13666	8.221689
17734	13684	13700	5.860163
17736	13665	13702	7.40116
17738	13703	13690	4.105459
17739	13687	13704	4.19966
17740	13704	13671	6.516248
17744	13707	13685	11.334681
17746	13709	13703	6.081083
17747	13709	13696	10.472621
17757	13715	13648	15.277711
17758	13716	13595	25.39852
17759	13574	13717	27.567395
17760	13715	13717	0.460646
17765	13721	13665	57.555176
17767	13704	13723	5.31206
17768	13684	13723	10.687844
17769	13648	13721	68.846489
17778	13728	13719	10.168985
17779	13624	22663	24.132417
17780	13728	22663	1.829067
17781	13723	13729	2.33623
17786	13732	13728	1.59015
17787	13733	13716	11.572075
17800	13723	13741	2.803226
17802	13742	13721	8.645392
17814	13716	13751	8.388454
17815	13752	13707	18.104868
17817	13685	13754	36.263412
17820	13756	13709	10.177991
17822	13752	13756	1.150734
17824	13758	13741	6.270696
17825	13759	13752	6.504745
17826	13760	13707	8.659618
17827	13754	13760	31.310133
17833	13760	13759	14.387117
17844	13758	13771	5.081347
17847	13756	13774	4.102202
17849	13754	13776	14.067593
17850	13760	13777	3.128137
17851	13778	13733	29.937603
17852	13778	13771	17.020094
17861	13776	13784	29.03668
17869	13728	13790	22.515175
17877	13795	13728	8.394512
17878	13776	13796	24.285191
17880	13796	13751	18.42002
17881	13702	13797	17.37224
17883	13799	13742	26.883448
17884	13799	13797	60.14101
17980	13928	13715	29.752831
17981	13928	13799	6.533632
17991	13937	13795	9.317351
17992	13937	13938	13.784637
17997	13943	13928	7.902273
18033	13968	13937	10.972464
20060	13968	13938	42.059696
20568	13566	13607	1.908905
20570	13587	13597	0.938922
20571	13568	13586	0.587166
20572	13540	13541	0.351498
20573	13212	13211	0.14839
29653738	22417	22586	7.899647
29653748	13521	13538	1.594169
29653749	13521	13506	3.654534
29653841	22581	13250	7.042535
29653842	22588	22586	2.860159
29653843	22588	13312	6.186296
29653886	22663	13717	2.084848
29653929	22711	13457	14.216238
29654010	13346	13328	4.883346
12434
12435
12442
12444
12450
12454
12460
12461
12463
12466
12467
12778
12886
12924
12957
12968
12974
12987
13028
13060
13090
13092
13094
13098
13105
13107
13108
13111
13117
13123
13125
13144
13149
13150
13154
13157
13160
13185
13187
13191
13193
13194
13199
13202
13204
13207
13208
13210
13212
13215
13224
13225
13233
13236
13241
13242
13247
13249
13250
13253
13261
13262
13263
13268
13270
13272
13273
13275
13278
13285
13286
13289
13290
13292
13298
13300
13304
13308
13311
13312
13315
13316
13319
13327
13333
13334
13336
13340
13342
13344
13348
13353
13355
13356
13363
13371
13372
13374
13389
13399
13402
13405
13406
13413
13416
13422
13426
13432
13439
13451
13452
13457
13458
13460
13464
13465
13469
13480
13495
13499
13501
13516
13527
13533
13534
13537
13543
13544
13553
13567
13577
13578
13580
13591
13597
13605
13610
13620
13624
13659
13665
13690
13700
13703
13716
13729
13732
13742
13751
13771
13774
13777
13784
13790
13796
13797
13938
13943
13968
1834
21905
21906
22417
22581
22709
12466	13094	56
12466	12467	56
12466	12450	56
12466	13194	2446
12466	13090	56
12466	12463	56
12466	1834	60
12466	13210	60
12466	13208	2446
12466	13249	32
12466	13308	60
12466	13285	60
12466	13250	6058
12466	13191	12
12466	22581	60
12466	13204	56
12466	13312	60
12466	22417	314
12466	13399	418
12466	13451	4252
12466	13236	60
12466	13275	60
12466	13304	56
12466	13207	60
12466	13262	66
12466	13290	88
12466	13268	110
12466	13340	60
12466	13348	60
12466	13389	56
12466	13439	120
12466	13457	18
12466	13353	56
12466	22709	209
12466	12778	15
12466	13315	162
12466	13289	142
12466	13316	32
12466	13371	56
12466	13465	52
12466	13342	62
12466	13416	1080
12466	13580	31
12466	13624	52
12466	13537	1038
12466	13272	2
12466	13273	2
12466	13790	14
12466	13732	171
12466	13968	14
12466	13742	27
12466	13938	14
12466	13943	150
12466	13233	4
12466	13212	14
12466	13300	14
12466	13336	18
12466	13215	30
12466	13356	34
12466	13363	21
12466	13659	11
12466	13774	6
12466	13242	9
12466	13311	16
12466	13298	13
12466	21905	9
12466	13406	6
12466	13422	6
12466	13464	8
12466	13458	8
13094	12467	60
13094	12450	60
13094	13194	3382
13094	13090	60
13094	12463	60
13094	1834	56
13094	13210	56
13094	13208	3382
13094	13249	1786
13094	13308	598
13094	13285	394
13094	13250	1786
13094	13191	56
13094	22581	134
13094	13204	60
13094	13312	228
13094	22417	52
13094	13399	74
13094	13451	82
13094	13236	60
13094	13275	32
13094	13304	30
13094	13207	60
13094	13262	70
13094	13290	22
13094	13268	64
13094	13340	130
13094	13348	20
13094	13389	18
13094	13439	94
13094	13457	19
13094	13353	14
13094	22709	334
13094	13315	88
13094	13289	56
13094	13316	32
13094	13371	156
13094	13465	156
13094	13342	72
13094	13416	434
13094	13580	32
13094	13624	156
13094	13537	432
13094	13272	2
13094	13273	2
13094	13790	32
13094	13732	884
13094	13968	116
13094	13742	16
13094	13938	34
13094	13943	187
13094	13233	4
13094	13659	10
13094	13774	12
13094	13406	10
13094	13422	12
13094	13464	14
13094	13458	110
13094	13499	2
12467	12450	60
12467	13194	3378
12467	13090	60
12467	12463	60
12467	1834	56
12467	13210	56
12467	13208	3378
12467	13249	1812
12467	13308	598
12467	13285	394
12467	13250	1812
12467	13191	32370
12467	22581	136
12467	13204	60
12467	13312	228
12467	22417	54
12467	13399	76
12467	13451	82
12467	13236	636
12467	13275	260
12467	13304	260
12467	13207	636
12467	13262	10
12467	13290	8
12467	13268	18
12467	13340	130
12467	13348	20
12467	13389	18
12467	13439	56
12467	13457	19
12467	13353	14
12467	22709	1562
12467	12778	17
12467	13315	92
12467	13289	52
12467	13316	12
12467	13371	156
12467	13465	164
12467	13342	22
12467	13416	178
12467	13580	32
12467	13624	154
12467	13537	178
12467	13426	2
12467	13469	2
12467	13272	2
12467	13273	2
12467	13567	2
12467	13665	2
12467	13690	2
12467	13703	2
12467	13790	32
12467	13732	6068
12467	13968	114
12467	13742	40
12467	13938	34
12467	13943	185
12467	13797	2
12467	13233	4
12467	13659	11
12467	13774	15
12467	13406	10
12467	13422	12
12467	13464	14
12467	13458	95
12450	13194	3378
12450	13090	60
12450	12463	60
12450	1834	56
12450	13210	56
12450	13208	3378
12450	13249	1812
12450	13308	598
12450	13285	394
12450	13250	1812
12450	13191	32370
12450	22581	134
12450	13204	60
12450	13312	228
12450	22417	54
12450	13399	76
12450	13451	82
12450	13236	636
12450	13275	260
12450	13304	260
12450	13207	636
12450	13262	10
12450	13290	8
12450	13268	18
12450	13340	130
12450	13348	20
12450	13389	18
12450	13439	56
12450	13457	19
12450	13353	14
12450	22709	30
12450	12778	17
12450	13315	92
12450	13289	52
12450	13316	12
12450	13371	156
12450	13465	154
12450	13342	22
12450	13416	178
12450	13580	32
12450	13624	154
12450	13537	178
12450	13426	2
12450	13469	2
12450	13272	2
12450	13273	2
12450	13567	2
12450	13665	2
12450	13690	2
12450	13703	2
12450	13790	32
12450	13732	589
12450	13968	34
12450	13742	40
12450	13938	34
12450	13943	185
12450	13797	2
12450	13233	4
12450	13659	11
12450	13774	15
12450	13406	10
12450	13422	12
12450	13464	14
12450	13458	31
13194	13090	2170
13194	12463	1096
13194	1834	6
13194	13210	6
13194	13208	60
13194	13249	1554
13194	13308	6
13194	13285	6
13194	13250	1554
13194	13191	1100
13194	22581	6
13194	13204	1106
13194	13312	6
13194	22417	26
13194	13399	40
13194	13451	44
13194	13236	8
13194	13275	6
13194	13304	6
13194	13207	8
13194	13262	6
13194	13290	2
13194	13268	4
13194	13340	6
13194	13348	6
13194	13389	6
13194	13439	40
13194	13457	47
13194	13353	6
13194	22709	34
13194	12987	28
13194	13315	4
13194	13289	2
13194	13316	10
13194	13371	6
13194	13465	6
13194	13342	18
13194	13416	26
13194	13580	34
13194	13624	6
13194	13537	26
13194	13272	2
13194	13273	2
13194	13790	22
13194	13732	711
13194	13968	16
13194	13742	38
13194	13938	16
13194	13943	174
13194	13233	4
13194	13659	10
13194	13774	9
13194	13406	8
13194	13422	9
13194	13464	11
13194	13458	28
13090	12463	60
13090	1834	56
13090	13210	56
13090	13208	2170
13090	13249	2432
13090	13308	14
13090	13285	8
13090	13250	2432
13090	13191	60
13090	22581	2
13090	13204	60
13090	13312	6
13090	22417	10
13090	13399	16
13090	13451	112
13090	13236	60
13090	13275	50
13090	13304	42
13090	13207	60
13090	13262	70
13090	13290	22
13090	13268	64
13090	13340	2
13090	13439	46
13090	13457	19
13090	13353	22
13090	22709	531
13090	13315	88
13090	13289	56
13090	13316	32
13090	13371	88
13090	13465	86
13090	13342	72
13090	13416	434
13090	13580	83
13090	13624	86
13090	13537	434
13090	13272	2
13090	13273	2
13090	13790	40
13090	13732	3578
13090	13968	52
13090	13742	16
13090	13938	52
13090	13943	225
13090	13233	4
13090	13659	10
13090	13774	13
13090	13406	48
13090	13422	12
13090	13464	14
13090	13458	207
13090	13499	2
12463	1834	14
12463	13210	14
12463	13208	1096
12463	13249	2226
12463	13308	14
12463	13285	14
12463	13250	2226
12463	13191	60
12463	22581	14
12463	13204	60
12463	13312	14
12463	22417	8
12463	13399	14
12463	13451	64
12463	13236	60
12463	13275	52
12463	13304	42
12463	13207	60
12463	13262	72
12463	13290	22
12463	13268	64
12463	13340	14
12463	13348	10
12463	13389	64
12463	13439	28
12463	13457	17
12463	13353	34
12463	22709	339
12463	12987	4
12463	13315	88
12463	13289	56
12463	13316	32
12463	13371	88
12463	13465	88
12463	13342	72
12463	13416	438
12463	13580	285
12463	13624	88
12463	13537	438
12463	13272	2
12463	13273	2
12463	13790	44
12463	13732	5548
12463	13968	56
12463	13742	20
12463	13938	56
12463	13943	278
12463	13233	4
12463	13659	10
12463	13774	14
12463	13406	87
12463	13422	47
12463	13464	14
12463	13458	297
12463	13499	2
1834	13210	60
1834	13208	6
1834	13249	32
1834	13308	60
1834	13285	60
1834	13250	6058
1834	13191	12
1834	22581	60
1834	13204	14
1834	13312	60
1834	22417	314
1834	13399	418
1834	13451	6196
1834	13236	60
1834	13275	60
1834	13304	56
1834	13207	60
1834	13262	66
1834	13290	88
1834	13268	110
1834	13340	60
1834	13348	60
1834	13389	56
1834	13439	120
1834	13457	52
1834	13353	56
1834	22709	2401
1834	12434	2
1834	13157	2
1834	13315	162
1834	13289	142
1834	13316	32
1834	13371	56
1834	13465	444
1834	13342	62
1834	13416	1080
1834	13580	31
1834	13624	52
1834	13537	1038
1834	13272	2
1834	13273	2
1834	13790	14
1834	13732	5433
1834	13968	14
1834	13742	27
1834	13938	14
1834	13943	150
1834	13233	4
1834	13212	19
1834	13300	19
1834	13336	22
1834	13215	33
1834	13356	40
1834	13363	29
1834	13659	11
1834	13578	2
1834	13774	6
1834	13242	9
1834	13311	16
1834	13298	13
1834	21905	9
1834	13406	130
1834	13422	38
1834	13464	205
1834	13458	906
13210	13208	6
13210	13249	32
13210	13308	60
13210	13285	60
13210	13250	6058
13210	13191	12
13210	22581	60
13210	13204	14
13210	13312	60
13210	22417	314
13210	13399	418
13210	13451	4252
13210	13236	60
13210	13275	60
13210	13304	56
13210	13207	60
13210	13262	66
13210	13290	88
13210	13268	110
13210	13340	60
13210	13348	60
13210	13389	56
13210	13439	120
13210	13457	18
13210	13353	56
13210	22709	30
13210	12434	2
13210	13157	2
13210	13315	162
13210	13289	142
13210	13316	32
13210	13371	56
13210	13465	52
13210	13342	62
13210	13416	1080
13210	13580	31
13210	13624	52
13210	13537	1038
13210	13272	2
13210	13273	2
13210	13703	3
13210	13790	14
13210	13732	934
13210	13968	14
13210	13742	27
13210	13938	14
13210	13943	150
13210	13233	4
13210	13212	19
13210	13300	19
13210	13336	22
13210	13215	33
13210	13356	40
13210	13363	29
13210	13659	11
13210	13774	6
13210	13242	9
13210	13311	16
13210	13298	13
13210	21905	9
13210	13406	159
13210	13422	6
13210	13464	65
13210	13458	314
13208	13249	1554
13208	13308	6
13208	13285	6
13208	13250	1554
13208	13191	1100
13208	22581	6
13208	13204	1106
13208	13312	6
13208	22417	26
13208	13399	40
13208	13451	28
13208	13236	8
13208	13275	6
13208	13304	6
13208	13207	8
13208	13262	6
13208	13290	2
13208	13268	4
13208	13340	6
13208	13348	6
13208	13389	6
13208	13439	40
13208	13457	21
13208	13353	6
13208	22709	107
13208	12987	28
13208	13315	4
13208	13289	2
13208	13316	10
13208	13371	6
13208	13465	6
13208	13342	18
13208	13416	26
13208	13580	34
13208	13624	6
13208	13537	26
13208	13272	2
13208	13273	2
13208	13790	22
13208	13732	2606
13208	13968	16
13208	13742	38
13208	13938	16
13208	13943	174
13208	13233	4
13208	13659	10
13208	13774	9
13208	13406	8
13208	13422	9
13208	13464	11
13208	13458	74
13249	13308	32
13249	13285	24
13249	13250	60
13249	13191	2276
13249	22581	892
13249	13204	2312
13249	13312	768
13249	22417	358
13249	13399	430
13249	13451	126
13249	13236	602
13249	13275	716
13249	13304	714
13249	13207	602
13249	13262	254
13249	13290	30
13249	13268	44
13249	13340	764
13249	13348	726
13249	13389	712
13249	13439	120
13249	13457	18
13249	13353	716
13249	22709	104
13249	12987	24
13249	13315	44
13249	13289	24
13249	13316	48
13249	13371	716
13249	13465	626
13249	13342	84
13249	13416	100
13249	13580	29
13249	13624	624
13249	13537	100
13249	13272	2
13249	13273	2
13249	13460	1
13249	13543	46
13249	13610	47
13249	13790	16
13249	13732	382
13249	13968	16
13249	13742	31
13249	13938	16
13249	13943	159
13249	13797	1
13249	13233	3
13249	13356	4
13249	13659	6
13249	13774	8
13249	13406	8
13249	13422	10
13249	13464	12
13249	13458	12
13308	13285	60
13308	13250	6060
13308	13191	12
13308	22581	60
13308	13204	14
13308	13312	60
13308	22417	310
13308	13399	1234
13308	13451	4252
13308	13236	60
13308	13275	60
13308	13304	56
13308	13207	60
13308	13262	66
13308	13290	88
13308	13268	144
13308	13340	60
13308	13348	60
13308	13389	56
13308	13439	332
13308	13457	18
13308	13353	56
13308	22709	209
13308	12987	6
13308	12434	2
13308	13157	2
13308	13315	162
13308	13289	142
13308	13316	32
13308	13371	56
13308	13465	52
13308	13342	64
13308	13416	1080
13308	13580	31
13308	13624	52
13308	13537	1038
13308	13272	2
13308	13273	2
13308	13790	22
13308	13732	310
13308	13968	14
13308	13742	27
13308	13938	14
13308	13943	150
13308	13233	4
13308	13212	19
13308	13300	19
13308	13336	22
13308	13215	34
13308	13356	41
13308	13363	29
13308	13659	11
13308	13774	6
13308	13242	9
13308	13311	16
13308	13298	13
13308	21905	9
13308	13406	6
13308	13422	6
13308	13464	8
13308	13458	28
13285	13250	4718
13285	13191	8
13285	22581	60
13285	13204	8
13285	13312	60
13285	22417	296
13285	13399	400
13285	13451	10048
13285	13236	60
13285	13275	60
13285	13304	56
13285	13207	60
13285	13262	62
13285	13290	80
13285	13268	78
13285	13340	60
13285	13348	60
13285	13389	54
13285	13439	112
13285	13457	18
13285	13353	54
13285	22709	231
13285	12987	4
13285	12434	2
13285	13157	2
13285	13315	142
13285	13289	138
13285	13316	30
13285	13371	54
13285	13465	130
13285	13342	66
13285	13416	1078
13285	13580	107
13285	13624	52
13285	13537	1038
13285	13272	2
13285	13273	2
13285	13790	16
13285	13732	1534
13285	13968	16
13285	13742	29
13285	13938	16
13285	13943	174
13285	13233	4
13285	13212	19
13285	13300	19
13285	13336	21
13285	13215	33
13285	13356	39
13285	13363	29
13285	13659	10
13285	13774	10
13285	13242	12
13285	13311	20
13285	13298	17
13285	21905	12
13285	13406	8
13285	13422	9
13285	13464	10
13285	13458	43
13250	13191	2276
13250	22581	4782
13250	13204	2312
13250	13312	768
13250	22417	358
13250	13399	430
13250	13451	126
13250	13236	602
13250	13275	716
13250	13304	714
13250	13207	602
13250	13262	254
13250	13290	30
13250	13268	44
13250	13340	764
13250	13348	726
13250	13389	712
13250	13439	120
13250	13457	20
13250	13353	716
13250	22709	441
13250	12987	24
13250	13315	44
13250	13289	24
13250	13316	48
13250	13371	716
13250	13465	626
13250	13342	84
13250	13416	100
13250	13580	29
13250	13624	624
13250	13537	100
13250	13272	2
13250	13273	2
13250	13460	1
13250	13543	46
13250	13610	47
13250	13790	16
13250	13732	1488
13250	13968	16
13250	13742	31
13250	13938	16
13250	13943	159
13250	13797	1
13250	13233	3
13250	13356	4
13250	13659	6
13250	13774	8
13250	13406	8
13250	13422	10
13250	13464	12
13250	13458	19
13191	22581	2
13191	13204	60
13191	13312	6
13191	22417	10
13191	13399	16
13191	13451	24
13191	13236	60
13191	13275	32
13191	13304	32
13191	13207	60
13191	13262	70
13191	13290	22
13191	13268	64
13191	13340	2
13191	13439	16
13191	13457	44
13191	22709	292
13191	12987	4
13191	13315	88
13191	13289	56
13191	13316	32
13191	13371	22
13191	13465	22
13191	13342	72
13191	13416	434
13191	13580	30
13191	13624	22
13191	13537	432
13191	13272	2
13191	13273	2
13191	13790	14
13191	13732	2138
13191	13968	15
13191	13742	13
13191	13938	15
13191	13943	203
13191	13233	4
13191	13659	10
13191	13774	12
13191	13406	10
13191	13422	12
13191	13464	14
13191	13458	59
13191	13499	2
22581	13204	2
22581	13312	60
22581	22417	280
22581	13399	386
22581	13451	85658
22581	13236	60
22581	13275	60
22581	13304	56
22581	13207	60
22581	13262	60
22581	13290	80
22581	13268	78
22581	13340	60
22581	13348	60
22581	13389	54
22581	13439	672
22581	13457	1371
22581	13353	54
22581	22709	8935
22581	12987	4
22581	12434	2
22581	13157	2
22581	13315	142
22581	13289	138
22581	13316	30
22581	13371	54
22581	13465	860
22581	13342	62
22581	13416	4314
22581	13580	473
22581	13624	52
22581	13537	1038
22581	13333	2
22581	13272	2
22581	13273	2
22581	13567	2
22581	13690	2
22581	13790	88
22581	13732	39149
22581	13968	14
22581	13742	27
22581	13938	69
22581	13943	853
22581	13233	4
22581	13212	18
22581	13300	18
22581	13336	34
22581	13215	32
22581	13356	39
22581	13363	28
22581	13659	10
22581	13774	8
22581	13242	9
22581	13311	53
22581	13298	38
22581	21905	9
22581	13406	112
22581	13422	32
22581	13464	38
22581	13458	1026
13204	13312	6
13204	22417	10
13204	13399	16
13204	13451	296
13204	13236	60
13204	13275	52
13204	13304	42
13204	13207	60
13204	13262	70
13204	13290	22
13204	13268	64
13204	13340	4
13204	13348	4
13204	13389	14
13204	13439	16
13204	13457	17
13204	13353	34
13204	22709	622
13204	12987	4
13204	13315	88
13204	13289	56
13204	13316	32
13204	13371	88
13204	13465	88
13204	13342	72
13204	13416	438
13204	13580	30
13204	13624	88
13204	13537	436
13204	13272	2
13204	13273	2
13204	13790	40
13204	13732	946
13204	13968	54
13204	13742	18
13204	13938	54
13204	13943	250
13204	13233	4
13204	13659	10
13204	13774	14
13204	13406	8
13204	13422	10
13204	13464	12
13204	13458	59
13312	22417	86
13312	13399	272
13312	13451	60
13312	13236	60
13312	13275	60
13312	13304	60
13312	13207	60
13312	13262	70
13312	13290	60
13312	13268	208
13312	13340	60
13312	13348	60
13312	13389	60
13312	13439	778
13312	13457	17
13312	13353	60
13312	22709	239
13312	12987	4
13312	13315	320
13312	13289	36
13312	13316	272
13312	13371	60
13312	13465	56
13312	13342	724
13312	13416	54
13312	13580	29
13312	13624	56
13312	13537	54
13312	13790	68
13312	13732	520
13312	13968	69
13312	13742	7492
13312	13938	14
13312	13943	179
13312	13233	1
13312	13212	17
13312	13300	17
13312	13336	11
13312	13215	19
13312	13356	24
13312	13363	24
13312	13659	4
13312	13242	10
13312	13311	17
13312	13298	15
13312	21905	10
13312	13406	4
13312	13422	6
13312	13464	8
13312	13458	19
22417	13399	1166
22417	13451	244
22417	13236	86
22417	13275	84
22417	13304	48
22417	13207	86
22417	13262	92
22417	13290	26
22417	13268	28
22417	13340	84
22417	13348	84
22417	13389	130
22417	13439	240
22417	13457	192
22417	13353	128
22417	22709	796
22417	12987	6
22417	13225	13
22417	13092	13
22417	13098	20
22417	13123	16
22417	13185	17
22417	13315	28
22417	13289	26
22417	13316	78
22417	13371	128
22417	13465	29
22417	13342	170
22417	13416	30
22417	13580	29
22417	13624	29
22417	13537	29
22417	13333	17
22417	13426	19
22417	13469	19
22417	13272	18
22417	13273	18
22417	13460	17
22417	13543	13
22417	13567	19
22417	13610	13
22417	13665	19
22417	13690	19
22417	13703	19
22417	13790	331
22417	13732	1251
22417	13968	33
22417	13742	124
22417	13938	33
22417	13943	144
22417	13797	29
22417	13233	19
22417	13212	22
22417	13300	21
22417	13372	18
22417	13336	33
22417	13215	51
22417	13356	44
22417	13527	8
22417	13516	6
22417	13605	8
22417	13591	8
22417	13263	13
22417	13224	13
22417	13363	71
22417	13374	33
22417	13413	33
22417	13241	23
22417	13286	23
22417	13292	15
22417	13334	5
22417	13344	24
22417	13452	4
22417	13405	4
22417	13480	16
22417	13533	16
22417	13659	20
22417	13501	6
22417	13578	6
22417	13553	6
22417	13774	43
22417	13777	15
22417	13784	15
22417	13796	16
22417	13796	16
22417	13716	4
22417	13751	4
22417	12442	16
22417	13149	16
22417	12444	16
22417	13187	17
22417	13107	14
22417	12461	20
22417	12460	20
22417	13111	14
22417	13150	14
22417	12454	14
22417	13160	13
22417	13261	8
22417	13199	8
22417	13278	8
22417	13270	8
22417	13327	8
22417	13402	4
22417	13355	20
22417	13193	17
22417	13193	17
22417	13253	17
22417	13319	10
22417	13202	23
22417	13242	19
22417	13311	26
22417	13298	23
22417	21905	19
22417	13406	34
22417	13422	16
22417	13464	21
22417	13458	96
22417	13544	4
22417	13700	8
22417	13247	23
22417	13771	10
22417	13729	8
13399	13451	36
13399	13236	4
13399	13275	34
13399	13304	34
13399	13207	4
13399	13262	2
13399	13290	34
13399	13268	46
13399	13340	34
13399	13348	34
13399	13389	44
13399	13439	56
13399	13457	255
13399	13353	34
13399	22709	1001
13399	12987	8
13399	13225	13
13399	13092	13
13399	13098	19
13399	13123	26
13399	13185	17
13399	13315	34
13399	13289	36
13399	13316	46
13399	13371	34
13399	13465	99
13399	13342	154
13399	13416	107
13399	13580	97
13399	13624	99
13399	13537	29
13399	13333	17
13399	13426	19
13399	13469	18
13399	13272	17
13399	13273	17
13399	13460	17
13399	13543	13
13399	13567	47
13399	13610	13
13399	13665	19
13399	13690	18
13399	13703	18
13399	13790	33
13399	13732	692
13399	13968	31
13399	13742	124
13399	13938	31
13399	13943	144
13399	13797	29
13399	13233	19
13399	13212	77
13399	13300	21
13399	13372	17
13399	13336	33
13399	13215	51
13399	13356	44
13399	13527	8
13399	13516	6
13399	13605	8
13399	13591	8
13399	13263	13
13399	13224	13
13399	13363	71
13399	13374	32
13399	13413	33
13399	13241	22
13399	13286	22
13399	13292	14
13399	13334	5
13399	13344	24
13399	13452	4
13399	13405	4
13399	13480	16
13399	13533	16
13399	13659	19
13399	13501	15
13399	13578	6
13399	13553	6
13399	13774	45
13399	13777	15
13399	13784	15
13399	13796	15
13399	13796	15
13399	13716	4
13399	13751	4
13399	12442	26
13399	13149	15
13399	12444	26
13399	13187	17
13399	13107	26
13399	12461	19
13399	12460	19
13399	13111	28
13399	13150	23
13399	12454	23
13399	13160	20
13399	13261	8
13399	13199	8
13399	13278	8
13399	13270	8
13399	13327	8
13399	13402	4
13399	13355	18
13399	13193	17
13399	13193	17
13399	13253	17
13399	13319	9
13399	13202	23
13399	13242	19
13399	13311	26
13399	13298	22
13399	21905	19
13399	13406	87
13399	13422	15
13399	13464	80
13399	13458	48
13399	13544	4
13399	13700	8
13399	13247	23
13399	13771	10
13399	13729	8
13451	13236	64
13451	13275	60
13451	13304	450
13451	13207	64
13451	13290	60
13451	13268	7450
13451	13340	250
13451	13348	60
13451	13389	550
13451	13439	45308
13451	13457	20
13451	13353	1630
13451	22709	132
13451	12987	6
13451	13225	13
13451	13092	13
13451	13098	19
13451	13123	24
13451	13185	17
13451	13315	60
13451	13289	146
13451	13316	260
13451	13371	150
13451	13465	1600
13451	13342	644
13451	13416	1488
13451	13580	29
13451	13624	1600
13451	13537	10373
13451	13333	14
13451	13426	17
13451	13469	17
13451	13272	17
13451	13273	17
13451	13460	17
13451	13543	13
13451	13567	17
13451	13610	13
13451	13665	18
13451	13690	47
13451	13703	18
13451	13790	33
13451	13732	403
13451	13968	31
13451	13742	126
13451	13938	31
13451	13943	146
13451	13797	29
13451	13233	19
13451	13212	21
13451	13300	21
13451	13372	17
13451	13336	35
13451	13215	55
13451	13356	47
13451	13527	8
13451	13516	6
13451	13605	8
13451	13591	8
13451	13495	4
13451	13263	13
13451	13224	13
13451	13363	72
13451	13374	33
13451	13413	33
13451	13241	23
13451	13286	23
13451	13292	14
13451	13334	5
13451	13344	24
13451	13452	4
13451	13405	4
13451	13480	16
13451	13533	16
13451	13659	19
13451	13501	6
13451	13578	22
13451	13553	6
13451	13774	52
13451	13777	15
13451	13784	15
13451	13796	15
13451	13796	15
13451	13716	4
13451	13751	4
13451	12442	24
13451	13149	15
13451	12444	26
13451	13187	17
13451	13107	26
13451	12461	19
13451	12460	20
13451	13111	28
13451	13150	23
13451	12454	23
13451	13160	20
13451	13261	8
13451	13199	8
13451	13278	8
13451	13270	8
13451	13327	8
13451	13402	4
13451	13355	18
13451	21906	8
13451	13193	17
13451	13193	17
13451	13253	17
13451	13319	10
13451	13202	23
13451	13242	19
13451	13311	26
13451	13298	23
13451	21905	19
13451	13406	14
13451	13422	15
13451	13464	21
13451	13458	37
13451	13544	4
13451	13700	8
13451	13247	23
13451	13771	10
13451	13729	8
13236	13275	52
13236	13304	42
13236	13207	60
13236	13262	72
13236	13290	6
13236	13268	64
13236	13340	60
13236	13348	64
13236	13389	64
13236	13439	28
13236	13457	17
13236	13353	34
13236	22709	815
13236	12987	6
13236	12434	2
13236	13157	2
13236	13315	64
13236	13289	48
13236	13316	34
13236	13371	66
13236	13465	64
13236	13342	74
13236	13416	378
13236	13580	33
13236	13624	64
13236	13537	378
13236	13272	2
13236	13273	2
13236	13790	44
13236	13732	1136
13236	13968	56
13236	13742	20
13236	13938	56
13236	13943	278
13236	13233	4
13236	13212	18
13236	13300	18
13236	13336	24
13236	13215	39
13236	13356	46
13236	13363	30
13236	13659	10
13236	13774	12
13236	13242	13
13236	13311	21
13236	13298	19
13236	21905	13
13236	13406	8
13236	13422	10
13236	13464	12
13236	13458	81
13275	13304	60
13275	13207	52
13275	13262	72
13275	13290	60
13275	13268	332
13275	13340	60
13275	13348	60
13275	13389	60
13275	13439	768
13275	13457	17
13275	13353	60
13275	22709	457
13275	12987	6
13275	13315	60
13275	13289	56
13275	13316	270
13275	13371	60
13275	13465	60
13275	13342	738
13275	13416	56
13275	13580	32
13275	13624	60
13275	13537	56
13275	13790	776
13275	13732	3620
13275	13968	378
13275	13742	12234
13275	13938	378
13275	13943	250
13275	13233	1
13275	13212	17
13275	13300	17
13275	13336	13
13275	13215	23
13275	13356	27
13275	13363	25
13275	13659	4
13275	13242	10
13275	13311	164
13275	13298	15
13275	21905	10
13275	13406	5
13275	13422	6
13275	13464	8
13275	13458	37
13304	13207	42
13304	13262	42
13304	13290	60
13304	13268	2820
13304	13340	60
13304	13348	60
13304	13389	60
13304	13439	2592
13304	13457	371
13304	13353	60
13304	22709	2176
13304	12987	6
13304	13315	60
13304	13289	56
13304	13316	270
13304	13371	60
13304	13465	60
13304	13342	738
13304	13416	56
13304	13580	158
13304	13624	150
13304	13537	56
13304	13790	776
13304	13732	46554
13304	13968	378
13304	13742	12234
13304	13938	378
13304	13943	250
13304	13233	1
13304	13212	17
13304	13300	17
13304	13336	13
13304	13215	23
13304	13356	27
13304	13363	25
13304	13659	4
13304	13242	10
13304	13311	18
13304	13298	15
13304	21905	10
13304	13406	43
13304	13422	23
13304	13464	8
13304	13458	254
13207	13262	72
13207	13290	6
13207	13268	64
13207	13340	60
13207	13348	64
13207	13389	64
13207	13439	28
13207	13457	17
13207	13353	34
13207	22709	89
13207	12987	6
13207	12434	2
13207	13157	2
13207	13315	64
13207	13289	48
13207	13316	34
13207	13371	66
13207	13465	64
13207	13342	74
13207	13416	378
13207	13580	33
13207	13624	64
13207	13537	378
13207	13272	2
13207	13273	2
13207	13790	44
13207	13732	320
13207	13968	56
13207	13742	20
13207	13938	56
13207	13943	278
13207	13233	4
13207	13212	18
13207	13300	18
13207	13336	24
13207	13215	39
13207	13356	46
13207	13363	30
13207	13659	10
13207	13774	12
13207	13242	13
13207	13311	21
13207	13298	19
13207	21905	13
13207	13406	8
13207	13422	10
13207	13464	12
13207	13458	39
13262	13268	10
13262	13439	22
13262	13457	17
13262	22709	83
13262	12987	6
13262	13315	10
13262	13289	8
13262	13316	28
13262	13371	10
13262	13465	10
13262	13342	72
13262	13416	106
13262	13580	119
13262	13624	10
13262	13537	106
13262	13272	2
13262	13273	2
13262	13790	40
13262	13732	314
13262	13968	56
13262	13742	15
13262	13938	56
13262	13943	279
13262	13233	5
13262	13212	21
13262	13300	21
13262	13336	25
13262	13215	39
13262	13356	45
13262	13363	30
13262	13659	11
13262	13774	13
13262	13242	11
13262	13311	19
13262	13298	17
13262	21905	11
13262	13406	6
13262	13422	8
13262	13464	10
13262	13458	41
13290	13268	1310
13290	13340	60
13290	13348	60
13290	13389	60
13290	13439	768
13290	13457	48
13290	13353	60
13290	22709	194
13290	12987	8
13290	12434	2
13290	13315	1418
13290	13289	118
13290	13316	66
13290	13371	60
13290	13465	60
13290	13342	154
13290	13416	3442
13290	13580	35
13290	13624	60
13290	13537	3442
13290	13272	2
13290	13273	2
13290	13460	1
13290	13790	822
13290	13732	2472
13290	13968	400
13290	13742	366
13290	13938	400
13290	13943	278
13290	13233	6
13290	13212	27
13290	13300	27
13290	13336	32
13290	13215	51
13290	13356	58
13290	13363	34
13290	13659	14
13290	13774	22
13290	13242	12
13290	13311	19
13290	13298	17
13290	21905	12
13290	13406	6
13290	13422	8
13290	13464	10
13290	13458	33
13268	13340	2820
13268	13348	2820
13268	13389	2820
13268	13439	3076
13268	13457	18
13268	13353	2820
13268	22709	5382
13268	12987	4
13268	13315	60
13268	13289	212
13268	13316	60
13268	13371	60
13268	13465	60
13268	13342	160
13268	13416	3096
13268	13580	1044
13268	13624	60
13268	13537	3096
13268	13272	2
13268	13273	2
13268	13460	1
13268	13790	826
13268	13732	1392
13268	13968	404
13268	13742	9
13268	13938	404
13268	13943	280
13268	13233	6
13268	13212	26
13268	13300	25
13268	13336	31
13268	13215	50
13268	13356	56
13268	13363	34
13268	13659	13
13268	13774	17
13268	13242	11
13268	13311	19
13268	13298	17
13268	21905	11
13268	13406	6
13268	13422	27
13268	13464	49
13268	13458	55
13340	13348	60
13340	13389	60
13340	13439	2434
13340	13457	260
13340	13353	60
13340	22709	1857
13340	12987	4
13340	13315	60
13340	13289	56
13340	13316	270
13340	13371	60
13340	13465	136
13340	13342	716
13340	13416	54
13340	13580	29
13340	13624	56
13340	13537	54
13340	13790	85
13340	13732	6834
13340	13968	86
13340	13742	7498
13340	13938	14
13340	13943	181
13340	13233	1
13340	13212	17
13340	13300	17
13340	13336	11
13340	13215	19
13340	13356	24
13340	13363	23
13340	13659	4
13340	13242	10
13340	13311	17
13340	13298	15
13340	21905	10
13340	13406	4
13340	13422	6
13340	13464	8
13340	13458	68
13348	13389	60
13348	13439	768
13348	13457	50
13348	13353	60
13348	22709	144
13348	12987	4
13348	13315	60
13348	13289	56
13348	13316	268
13348	13371	60
13348	13465	56
13348	13342	710
13348	13416	54
13348	13580	29
13348	13624	56
13348	13537	54
13348	13790	14
13348	13732	784
13348	13968	86
13348	13742	7498
13348	13938	14
13348	13943	181
13348	13233	1
13348	13212	17
13348	13300	17
13348	13336	11
13348	13215	19
13348	13356	23
13348	13363	23
13348	13659	4
13348	13242	10
13348	13311	17
13348	13298	15
13348	21905	10
13348	13406	4
13348	13422	6
13348	13464	8
13348	13458	17
13389	13439	768
13389	13457	356
13389	13353	60
13389	22709	943
13389	12987	4
13389	13315	60
13389	13289	56
13389	13316	260
13389	13371	60
13389	13465	56
13389	13342	702
13389	13416	54
13389	13580	29
13389	13624	56
13389	13537	54
13389	13790	14
13389	13732	2091
13389	13968	14
13389	13742	7498
13389	13938	14
13389	13943	181
13389	13233	1
13389	13212	17
13389	13300	17
13389	13336	11
13389	13215	19
13389	13356	23
13389	13363	23
13389	13659	4
13389	13242	10
13389	13311	17
13389	13298	15
13389	21905	10
13389	13406	35
13389	13422	6
13389	13464	8
13389	13458	26
13439	13457	6569
13439	13353	768
13439	22709	22451
13439	12987	14
13439	13144	15
13439	13225	14
13439	13092	13
13439	13098	18
13439	13123	18
13439	13185	17
13439	13315	778
13439	13289	808
13439	13316	1278
13439	13371	768
13439	13465	359
13439	13342	584
13439	13416	148
13439	13580	31
13439	13624	30
13439	13537	78
13439	13333	16
13439	13426	18
13439	13469	18
13439	13272	18
13439	13273	18
13439	13460	18
13439	13543	13
13439	13567	55
13439	13610	13
13439	13665	18
13439	13690	56
13439	13703	18
13439	13790	155
13439	13732	22632
13439	13968	34
13439	13742	798
13439	13938	34
13439	13943	721
13439	13797	29
13439	13233	19
13439	13212	22
13439	13300	22
13439	13372	18
13439	13336	32
13439	13215	49
13439	13356	43
13439	13527	8
13439	13516	7
13439	13605	8
13439	13591	8
13439	13263	13
13439	13224	32
13439	13363	71
13439	13374	178
13439	13413	32
13439	13241	22
13439	13286	375
13439	13292	15
13439	13334	21
13439	13344	24
13439	13452	4
13439	13405	13
13439	13480	16
13439	13533	16
13439	13659	20
13439	13501	6
13439	13578	6
13439	13553	6
13439	13774	38
13439	13777	15
13439	13784	15
13439	13796	16
13439	13796	16
13439	13716	4
13439	13751	4
13439	12442	18
13439	13149	15
13439	12444	18
13439	13187	85
13439	13107	20
13439	12461	20
13439	12460	55
13439	13111	20
13439	13150	23
13439	12454	23
13439	13160	93
13439	13261	9
13439	13199	9
13439	13278	9
13439	13270	9
13439	13327	9
13439	13402	4
13439	13355	18
13439	13193	17
13439	13193	17
13439	13253	18
13439	13319	9
13439	13202	23
13439	13242	18
13439	13311	26
13439	13298	23
13439	21905	18
13439	13406	48
13439	13422	15
13439	13464	21
13439	13458	731
13439	13544	3
13439	13534	7
13439	13700	8
13439	13247	23
13439	13771	10
13439	13729	8
13457	13353	487
13457	22709	5264
13457	12987	17
13457	12434	15
13457	13154	14
13457	12778	4
13457	12886	5
13457	12957	5
13457	12435	11
13457	13157	14
13457	12968	5
13457	12924	4
13457	13028	4
13457	13105	8
13457	13125	8
13457	12974	4
13457	13108	8
13457	13060	4
13457	13117	40
13457	13144	24
13457	13225	20
13457	13092	19
13457	13098	44
13457	13123	41
13457	13185	32
13457	13315	18
13457	13289	48
13457	13316	18
13457	13371	17
13457	13465	675
13457	13342	18
13457	13416	334
13457	13580	353
13457	13624	338
13457	13537	341
13457	13333	75
13457	13426	76
13457	13469	76
13457	13272	80
13457	13273	80
13457	13460	83
13457	13543	140
13457	13567	79
13457	13610	65
13457	13665	85
13457	13690	80
13457	13703	80
13457	13790	261
13457	13732	338
13457	13968	253
13457	13742	414
13457	13938	253
13457	13943	469
13457	13797	178
13457	13233	84
13457	13212	92
13457	13300	92
13457	13372	68
13457	13336	79
13457	13215	92
13457	13356	92
13457	13527	15
13457	13516	7
13457	13605	15
13457	13591	15
13457	13263	20
13457	13224	20
13457	13363	171
13457	13374	42
13457	13413	43
13457	13241	45
13457	13286	45
13457	13292	16
13457	13334	3
13457	13344	28
13457	13452	1
13457	13405	1
13457	13432	1
13457	13480	15
13457	13533	15
13457	13659	89
13457	13501	3
13457	13578	3
13457	13553	3
13457	13774	110
13457	13777	75
13457	13784	75
13457	13796	80
13457	13796	80
13457	13716	3
13457	13751	3
13457	12442	41
13457	13149	31
13457	12444	43
13457	13187	31
13457	13107	42
13457	12461	44
13457	12460	42
13457	13111	42
13457	13150	67
13457	12454	67
13457	13160	52
13457	13261	8
13457	13199	9
13457	13278	8
13457	13270	8
13457	13327	8
13457	13402	3
13457	13355	20
13457	21906	1
13457	13193	33
13457	13193	33
13457	13253	33
13457	13319	9
13457	13202	70
13457	13242	21
13457	13311	31
13457	13298	28
13457	21905	21
13457	13406	16
13457	13422	19
13457	13464	25
13457	13458	292
13457	13544	1
13457	13534	1
13457	13499	1
13457	13700	4
13457	13247	70
13457	13771	5
13457	13729	4
13353	22709	3759
13353	12987	6
13353	13315	60
13353	13289	56
13353	13316	270
13353	13371	60
13353	13465	60
13353	13342	738
13353	13416	56
13353	13580	114
13353	13624	60
13353	13537	56
13353	13790	6288
13353	13732	41774
13353	13968	400
13353	13742	13441
13353	13938	400
13353	13943	278
13353	13233	1
13353	13212	188
13353	13300	17
13353	13336	14
13353	13215	23
13353	13356	27
13353	13363	24
13353	13659	4
13353	13242	11
13353	13311	18
13353	13298	48
13353	21905	11
13353	13406	5
13353	13422	6
13353	13464	8
13353	13458	108
22709	12987	20
22709	13315	830
22709	13289	4382
22709	13316	428
22709	13371	842
22709	13465	908
22709	13342	868
22709	13416	910
22709	13580	8234
22709	13624	926
22709	13537	930
22709	13790	2745
22709	13732	63471
22709	13968	2504
22709	13742	3981
22709	13938	2530
22709	13943	360
22709	13233	2
22709	13212	39
22709	13300	24
22709	13336	19
22709	13215	30
22709	13356	30
22709	13363	53
22709	13659	9
22709	13774	4
22709	13355	6
22709	13242	11
22709	13311	19
22709	13298	17
22709	21905	11
22709	13406	89
22709	13422	26
22709	13464	10
22709	13458	405
12987	12434	47862
12987	13154	34076
12987	12778	591
12987	12886	38
12987	12957	38
12987	13157	35244
12987	13315	6
12987	13289	4
12987	13316	14
12987	13371	4
12987	13465	6
12987	13342	36
12987	13580	50
12987	13624	6
12987	13426	6
12987	13469	6
12987	13272	78
12987	13273	78
12987	13460	8
12987	13567	6
12987	13665	6
12987	13790	10
12987	13732	102
12987	13968	14
12987	13742	2
12987	13938	14
12987	13943	144
12987	13797	8
12987	13233	72
12987	13212	70
12987	13300	70
12987	13372	8
12987	13336	26
12987	13215	42
12987	13356	66
12987	13406	14
12987	13422	84
12987	13464	92
12987	13458	258
12987	13499	14
12987	13597	52
12987	13700	38
12434	13154	25582
12434	13157	25948
12434	13316	2
12434	13342	8
12434	13580	302
12434	13272	2
12434	13273	2
12434	13732	6
12434	13968	2
12434	13938	2
12434	13943	113
12434	13233	22
12434	13212	16
12434	13300	16
12434	13336	10
12434	13215	16
12434	13356	28
12434	13406	59
12434	13422	14
12434	13464	86
12434	13458	62
12434	13499	12
12434	13597	51
12434	13700	36
13154	13157	60
13154	13416	4
13154	13537	4
13154	13742	8
13154	13943	231
13154	13233	4
13154	13215	6
13154	13356	10
13154	13406	107
13154	13422	58
13154	13464	62
13154	13458	505
13154	13499	12
13154	13597	48
13154	13700	26
12778	12924	60
12778	13028	60
12778	13105	2256
12778	13125	2256
12778	12974	60
12778	13108	206
12778	13060	60
12778	13117	1838
12778	13144	512
12778	13943	72
12778	13212	836
12778	13300	836
12778	13372	672
12778	13336	78
12778	13215	134
12778	13356	224
12778	13591	518
12778	13355	3
12778	13406	85
12778	13422	18
12778	13464	18
12778	13458	212
12778	13499	18
12778	13597	75
12778	13700	58
12886	12957	60
12886	13117	1846
12886	13144	964
12886	13943	90
12886	13356	146
12886	13406	12
12886	13422	12
12886	13464	15
12886	13458	20
12886	13499	12
12886	13597	49
12886	13700	36
12957	12968	7749
12957	13117	1848
12957	13144	964
12957	13943	90
12957	13356	146
12957	13406	1067
12957	13422	268
12957	13464	270
12957	13458	2101
12957	13499	12
12957	13597	271
12957	13700	36
12435	13105	60
12435	13125	60
12435	13108	60
12435	13333	60
12435	13426	1330
12435	13469	1326
12435	13272	2790
12435	13273	2794
12435	13460	5358
12435	13567	1258
12435	13665	1238
12435	13790	2
12435	13732	12
12435	13968	3
12435	13742	354
12435	13938	3
12435	13943	149
12435	13797	1238
12435	13233	1672
12435	13212	922
12435	13300	910
12435	13372	7978
12435	13336	70
12435	13215	120
12435	13356	194
12435	13578	13
12435	13355	52
12435	13406	1029
12435	13422	375
12435	13464	504
12435	13458	9547
12435	13499	232
12435	13597	1118
12435	13700	190
12435	13771	19
12435	13729	13
13157	13943	210
13157	13233	4
13157	13215	6
13157	13356	10
13157	13406	12
13157	13422	14
13157	13464	16
13157	13458	116
13157	13499	12
13157	13597	49
13157	13700	35
12968	13117	458
12968	13144	1066
12968	13943	92
12968	13212	6
12968	13300	6
12968	13372	4
12968	13336	526
12968	13215	938
12968	13356	418
12968	13591	1042
12968	13355	4
12968	13406	78
12968	13422	16
12968	13464	69
12968	13458	345
12968	13499	16
12968	13597	73
12968	13700	56
12924	13028	60
12924	13105	2256
12924	13125	2256
12924	12974	60
12924	13108	206
12924	13060	60
12924	13117	1844
12924	13144	516
12924	13943	72
12924	13212	836
12924	13300	836
12924	13372	672
12924	13336	78
12924	13215	134
12924	13356	224
12924	13591	518
12924	13355	3
12924	13406	165
12924	13422	18
12924	13464	19
12924	13458	365
12924	13499	18
12924	13597	77
12924	13700	58
13028	13105	7078
13028	13125	7078
13028	12974	60
13028	13108	660
13028	13060	17082
13028	13117	1754
13028	13144	562
13028	13098	32
13028	13123	32
13028	13943	72
13028	13212	1058
13028	13300	1058
13028	13372	896
13028	13336	120
13028	13215	204
13028	13356	324
13028	13591	948
13028	12442	32
13028	13149	32
13028	12444	32
13028	13187	32
13028	13107	32
13028	12461	32
13028	12460	32
13028	13111	32
13028	13150	30
13028	12454	30
13028	13355	4
13028	13193	32
13028	13193	32
13028	13253	34
13028	13202	32
13028	13406	661
13028	13422	45
13028	13464	87
13028	13458	2041
13028	13499	18
13028	13597	79
13028	13700	386
13028	13247	32
13105	13125	60
13105	12974	2256
13105	13108	60
13105	13060	1952
13105	13117	1002
13105	13144	362
13105	13333	60
13105	13426	1328
13105	13469	1328
13105	13272	254
13105	13273	254
13105	13460	6966
13105	13567	1342
13105	13665	1378
13105	13790	2
13105	13732	11
13105	13968	3
13105	13742	356
13105	13938	3
13105	13943	148
13105	13797	1378
13105	13212	968
13105	13300	968
13105	13372	606
13105	13336	68
13105	13215	126
13105	13356	210
13105	13591	5316
13105	13355	3
13105	13406	18
13105	13422	118
13105	13464	18
13105	13458	582
13105	13499	16
13105	13597	70
13105	13700	53
13125	12974	2256
13125	13108	60
13125	13060	1952
13125	13117	1006
13125	13144	362
13125	13333	60
13125	13426	1296
13125	13469	1298
13125	13272	254
13125	13273	254
13125	13460	7662
13125	13567	1368
13125	13665	1424
13125	13790	2
13125	13732	11
13125	13968	3
13125	13742	356
13125	13938	3
13125	13943	146
13125	13797	1424
13125	13212	974
13125	13300	974
13125	13372	714
13125	13336	68
13125	13215	126
13125	13356	210
13125	13591	766
13125	13355	3
13125	13406	385
13125	13422	121
13125	13464	72
13125	13458	951
13125	13499	95
13125	13597	71
13125	13700	54
12974	13108	206
12974	13060	60
12974	13117	1842
12974	13144	518
12974	13943	72
12974	13212	836
12974	13300	836
12974	13372	672
12974	13336	78
12974	13215	134
12974	13356	224
12974	13591	518
12974	13355	4
12974	13406	104
12974	13422	71
12974	13464	84
12974	13458	2959
12974	13499	177
12974	13597	77
12974	13700	58
13108	13060	206
13108	13117	1002
13108	13144	360
13108	13943	62
13108	13212	984
13108	13300	984
13108	13372	752
13108	13336	68
13108	13215	126
13108	13356	210
13108	13591	590
13108	13355	3
13108	13406	181
13108	13422	286
13108	13464	73
13108	13458	1632
13108	13499	18
13108	13597	73
13108	13700	56
13060	13117	1832
13060	13144	514
13060	13943	62
13060	13212	832
13060	13300	832
13060	13372	672
13060	13336	78
13060	13215	136
13060	13356	224
13060	13591	520
13060	13355	18
13060	13406	799
13060	13422	99
13060	13464	84
13060	13458	1054
13060	13499	18
13060	13597	242
13060	13700	60
13117	13144	3832
13117	13225	3832
13117	13580	2
13117	13333	44
13117	13426	54
13117	13469	60
13117	13272	38
13117	13273	40
13117	13460	54
13117	13543	4
13117	13610	4
13117	13665	5
13117	13690	5
13117	13732	6
13117	13968	1
13117	13742	2
13117	13938	1
13117	13943	82
13117	13797	5
13117	13233	120
13117	13212	32
13117	13300	34
13117	13372	54
13117	13336	470
13117	13215	6848
13117	13356	218
13117	13263	1954
13117	13224	3832
13117	13363	1554
13117	13355	67
13117	13406	238
13117	13422	276
13117	13464	534
13117	13458	2481
13117	13544	2
13117	13499	178
13117	13597	128
13117	13700	92
13144	13225	60
13144	13333	28
13144	13426	34
13144	13469	38
13144	13272	24
13144	13273	24
13144	13460	32
13144	13543	2
13144	13610	2
13144	13665	2
13144	13690	2
13144	13732	4
13144	13742	1
13144	13943	80
13144	13797	2
13144	13233	70
13144	13212	10
13144	13300	10
13144	13372	16
13144	13336	268
13144	13215	48
13144	13356	122
13144	13224	60
13144	13355	10
13144	13406	954
13144	13422	151
13144	13464	526
13144	13458	1148
13144	13544	2
13144	13499	32
13144	13597	128
13144	13700	93
13225	13333	8
13225	13426	10
13225	13469	12
13225	13272	4
13225	13273	4
13225	13460	8
13225	13943	68
13225	13233	8
13225	13336	24
13225	13215	18072
13225	13356	16
13225	13224	60
13225	13355	10
13225	13406	41
13225	13422	93
13225	13464	150
13225	13458	1255
13225	13544	2
13225	13499	32
13225	13597	128
13225	13700	93
13092	13098	48
13092	13123	48
13092	13943	66
13092	13215	124
13092	12442	48
13092	13149	40
13092	12444	48
13092	13187	156
13092	13107	48
13092	12461	150
13092	12460	64
13092	13111	46
13092	13150	46
13092	12454	46
13092	13199	14
13092	13355	15
13092	13193	112
13092	13193	112
13092	13253	112
13092	13202	24
13092	13406	723
13092	13422	1556
13092	13464	638
13092	13458	1718
13092	13544	2
13092	13499	34
13092	13597	132
13092	13700	98
13092	13247	24
13098	13123	60
13098	13185	60
13098	13215	100
13098	13241	56
13098	13286	56
13098	13344	56
13098	12442	60
13098	13149	60
13098	12444	60
13098	13187	60
13098	13107	60
13098	12461	60
13098	12460	60
13098	13111	60
13098	13150	60
13098	12454	60
13098	13261	54
13098	13199	60
13098	13278	54
13098	13270	54
13098	13327	56
13098	13355	145
13098	13193	60
13098	13193	60
13098	13253	56
13098	13319	54
13098	13202	54
13098	13311	54
13098	13298	54
13098	13406	6108
13098	13422	187
13098	13464	1155
13098	13458	35
13098	13544	2
13098	13597	236
13098	13700	52
13098	13247	54
13123	13185	60
13123	13215	32
13123	13241	56
13123	13286	56
13123	13344	56
13123	12442	60
13123	13149	60
13123	12444	60
13123	13187	60
13123	13107	60
13123	12461	60
13123	12460	60
13123	13111	60
13123	13150	60
13123	12454	60
13123	13261	54
13123	13199	60
13123	13278	54
13123	13270	54
13123	13327	56
13123	13355	626
13123	13193	60
13123	13193	60
13123	13253	56
13123	13319	54
13123	13202	54
13123	13311	54
13123	13298	54
13123	13406	7971
13123	13422	646
13123	13464	187
13123	13458	347
13123	13544	2
13123	13597	236
13123	13700	454
13123	13247	54
13185	13215	32
13185	13241	60
13185	13286	60
13185	13344	60
13185	12442	60
13185	13149	60
13185	12444	60
13185	13187	60
13185	13107	60
13185	12461	60
13185	12460	60
13185	13111	56
13185	13150	792
13185	12454	792
13185	13199	60
13185	13355	960
13185	13193	60
13185	13193	60
13185	13253	60
13185	13319	54
13185	13202	60
13185	13311	578
13185	13298	54
13185	13406	39430
13185	13422	4635
13185	13464	1357
13185	13458	9760
13185	13544	2
13185	13499	295
13185	13597	606
13185	13700	76
13185	13247	60
13315	13289	56
13315	13316	270
13315	13371	60
13315	13465	60
13315	13342	742
13315	13416	11666
13315	13580	2268
13315	13624	60
13315	13537	11666
13315	13272	6
13315	13273	6
13315	13460	2
13315	13790	826
13315	13732	1432
13315	13968	404
13315	13742	16
13315	13938	404
13315	13943	282
13315	13233	10
13315	13212	49
13315	13300	49
13315	13336	49
13315	13215	81
13315	13356	91
13315	13363	47
13315	13659	27
13315	13774	42
13315	13242	11
13315	13311	19
13315	13298	17
13315	21905	11
13315	13406	28
13315	13422	8
13315	13464	10
13315	13458	46
13289	13316	262
13289	13371	60
13289	13465	60
13289	13342	724
13289	13416	6688
13289	13580	2298
13289	13624	60
13289	13537	6688
13289	13272	6
13289	13273	6
13289	13460	2
13289	13790	856
13289	13732	1296
13289	13968	416
13289	13742	2
13289	13938	416
13289	13943	281
13289	13233	10
13289	13659	27
13289	13774	42
13289	13242	11
13289	13311	19
13289	13298	17
13289	21905	11
13289	13406	59
13289	13422	8
13289	13464	49
13289	13458	265
13316	13371	270
13316	13465	272
13316	13342	6480
13316	13416	2104
13316	13580	1050
13316	13624	272
13316	13537	2104
13316	13272	1
13316	13273	1
13316	13790	1940
13316	13732	5784
13316	13968	1335
13316	13938	1338
13316	13943	300
13316	13233	8
13316	13212	32
13316	13300	31
13316	13336	25
13316	13215	42
13316	13356	43
13316	13363	39
13316	13659	22
13316	13774	32
13316	13242	11
13316	13311	19
13316	13298	17
13316	21905	11
13316	13406	6
13316	13422	8
13316	13464	10
13316	13458	83
13371	13465	60
13371	13342	740
13371	13416	56
13371	13580	2300
13371	13624	60
13371	13537	56
13371	13790	848
13371	13732	4922
13371	13968	416
13371	13742	13654
13371	13938	416
13371	13943	285
13371	13233	1
13371	13212	17
13371	13300	17
13371	13336	14
13371	13215	24
13371	13356	27
13371	13363	24
13371	13659	4
13371	13242	11
13371	13311	18
13371	13298	15
13371	21905	11
13371	13406	5
13371	13422	6
13371	13464	8
13371	13458	57
13465	13342	796
13465	13416	60
13465	13580	2496
13465	13624	60
13465	13537	60
13465	13790	876
13465	13732	1680
13465	13968	430
13465	13742	14125
13465	13938	430
13465	13943	298
13465	13233	1
13465	13212	17
13465	13300	17
13465	13336	15
13465	13215	26
13465	13356	26
13465	13363	21
13465	13659	4
13465	13242	11
13465	13311	18
13465	13298	16
13465	21905	11
13465	13406	31
13465	13422	25
13465	13464	129
13465	13458	354
13342	13416	802
13342	13580	2058
13342	13624	802
13342	13537	802
13342	13790	1652
13342	13732	4158
13342	13968	1077
13342	13938	1078
13342	13943	288
13342	13233	2
13342	13212	21
13342	13300	21
13342	13336	17
13342	13215	30
13342	13356	29
13342	13363	28
13342	13659	8
13342	13774	5
13342	13242	11
13342	13311	19
13342	13298	17
13342	21905	11
13342	13406	6
13342	13422	43
13342	13464	46
13342	13458	59
13416	13580	2520
13416	13624	60
13416	13537	60
13416	13790	1901
13416	13732	4806
13416	13968	1044
13416	13938	1045
13416	13943	281
13416	13233	1
13416	13212	17
13416	13300	17
13416	13336	15
13416	13215	27
13416	13356	25
13416	13363	21
13416	13659	4
13416	13242	11
13416	13311	18
13416	13298	16
13416	21905	11
13416	13406	6
13416	13422	7
13416	13464	10
13416	13458	33
13580	13624	2530
13580	13537	2566
13580	13272	13
13580	13273	13
13580	13543	454
13580	13567	76
13580	13610	455
13580	13665	78
13580	13690	76
13580	13703	76
13580	13790	1256
13580	13732	3785
13580	13968	1432
13580	13742	3295
13580	13938	1445
13580	13943	350
13580	13797	46
13580	13233	10
13580	13212	41
13580	13300	42
13580	13336	27
13580	13215	45
13580	13356	42
13580	13363	234
13580	13659	208
13580	13774	544
13580	13777	83
13580	13784	80
13580	13796	78
13580	13796	78
13580	13150	8
13580	12454	8
13580	13160	8
13580	13202	9
13580	13242	16
13580	13311	25
13580	13298	22
13580	21905	16
13580	13406	13
13580	13422	13
13580	13464	19
13580	13458	108
13580	13247	9
13624	13537	51592
13624	13543	73
13624	13567	15
13624	13610	74
13624	13665	16
13624	13690	16
13624	13703	16
13624	13790	914
13624	13732	1972
13624	13968	446
13624	13742	70374
13624	13938	448
13624	13943	299
13624	13797	2695
13624	13233	1
13624	13212	18
13624	13300	18
13624	13336	14
13624	13215	25
13624	13356	21
13624	13659	198
13624	13774	408
13624	13777	33
13624	13784	32
13624	13796	32
13624	13796	32
13624	13111	8
13624	13150	8
13624	12454	8
13624	13160	8
13624	13327	11
13624	13253	11
13624	13319	12
13624	13202	11
13624	13242	16
13624	13311	28
13624	13298	24
13624	21905	16
13624	13406	57
13624	13422	13
13624	13464	15
13624	13458	76
13624	13247	11
13537	13790	2001
13537	13732	4385
13537	13968	1086
13537	13742	2019
13537	13938	1086
13537	13943	281
13537	13233	1
13537	13212	18
13537	13300	17
13537	13336	15
13537	13215	27
13537	13356	21
13537	13111	7
13537	13150	11
13537	12454	11
13537	13160	8
13537	13327	14
13537	13253	12
13537	13319	12
13537	13202	15
13537	13242	18
13537	13311	31
13537	13298	26
13537	21905	18
13537	13406	159
13537	13422	14
13537	13464	81
13537	13458	179
13537	13247	15
13333	13426	1330
13333	13469	1326
13333	13272	2674
13333	13273	2674
13333	13460	5310
13333	13567	1258
13333	13665	1238
13333	13790	2
13333	13732	11
13333	13968	4
13333	13742	340
13333	13938	4
13333	13943	154
13333	13797	1238
13333	13233	1598
13333	13212	1932
13333	13300	1904
13333	13372	7288
13333	13336	438
13333	13215	762
13333	13356	660
13333	13263	24
13333	13224	8
13333	13363	34
13333	13374	46
13333	13578	8
13333	13355	4
13333	13406	444
13333	13422	18
13333	13464	78
13333	13458	1417
13333	13499	16
13333	13597	13
13333	13729	13
13426	13469	60
13426	13272	1744
13426	13273	1744
13426	13460	2144
13426	13567	60
13426	13665	60
13426	13690	56
13426	13703	56
13426	13732	41
13426	13968	2
13426	13742	34
13426	13938	2
13426	13943	160
13426	13797	60
13426	13233	1748
13426	13212	1822
13426	13300	1804
13426	13372	7228
13426	13336	508
13426	13215	788
13426	13356	2832
13426	13263	30
13426	13224	10
13426	13363	102
13426	13659	752
13426	13774	8906
13426	13777	78
13426	13784	84
13426	13796	98
13426	13796	98
13426	13242	17
13426	13311	28
13426	13298	25
13426	21905	17
13426	13406	12
13426	13422	12
13426	13464	16
13426	13458	66
13469	13272	5366
13469	13273	8498
13469	13567	60
13469	13665	60
13469	13690	60
13469	13703	60
13469	13790	40
13469	13732	274
13469	13968	62
13469	13742	34
13469	13938	62
13469	13943	43
13469	13797	60
13469	13233	1756
13469	13212	5180
13469	13300	8042
13469	13372	2544
13469	13336	532
13469	13215	826
13469	13356	3082
13469	13263	36
13469	13224	12
13469	13659	738
13469	13774	10768
13469	13777	76
13469	13784	82
13469	13796	96
13469	13796	96
13469	13111	10
13469	13150	10
13469	12454	10
13469	13160	8
13469	13327	12
13469	13253	13
13469	13319	51
13469	13202	13
13469	13242	17
13469	13311	441
13469	13298	23
13469	21905	17
13469	13406	12
13469	13422	12
13469	13464	16
13469	13458	148
13469	13247	13
13272	13273	60
13272	13460	2346
13272	13567	8396
13272	13790	10
13272	13732	77
13272	13968	12
13272	13938	12
13272	13943	167
13272	13233	1480
13272	13212	41290
13272	13300	41290
13272	13372	20184
13272	13336	258
13272	13215	458
13272	13356	846
13272	13263	12
13272	13224	4
13272	13363	20
13272	13374	18
13272	13413	18
13272	13355	3
13272	13406	258
13272	13422	18
13272	13464	96
13272	13458	1310
13272	13499	16
13272	13597	64
13272	13700	49
13273	13460	3760
13273	13567	8398
13273	13790	10
13273	13732	77
13273	13968	12
13273	13938	12
13273	13943	167
13273	13233	1480
13273	13212	41290
13273	13300	60
13273	13372	16784
13273	13336	294
13273	13215	486
13273	13356	892
13273	13263	12
13273	13224	4
13273	13363	20
13273	13374	18
13273	13413	18
13273	13578	5
13273	13355	30
13273	13406	136
13273	13422	18
13273	13464	20
13273	13458	614
13273	13499	16
13273	13597	64
13273	13700	50
13460	13943	7
13460	13233	1176
13460	13212	6692
13460	13300	6650
13460	13372	24
13460	13336	358
13460	13215	602
13460	13263	24
13460	13224	8
13460	13111	14
13460	13150	17
13460	12454	17
13460	13160	15
13460	13327	22
13460	13355	2
13460	13253	21
13460	13319	21
13460	13202	19
13460	13242	26
13460	13311	45
13460	13298	39
13460	21905	26
13460	13406	94
13460	13422	151
13460	13464	28
13460	13458	1020
13460	13247	19
13543	13610	60
13543	13665	60
13543	13690	60
13543	13703	60
13543	13790	146
13543	13732	9153
13543	13968	751
13543	13742	38
13543	13938	751
13543	13943	30
13543	13797	60
13543	13215	6
13543	13659	722
13543	13774	15240
13543	13777	68
13543	13784	516
13543	13796	710
13543	13796	710
13543	13716	39
13543	13751	39
13543	13111	11
13543	13150	13
13543	12454	13
13543	13160	12
13543	13327	13
13543	13253	14
13543	13319	58
13543	13202	15
13543	13242	20
13543	13311	34
13543	13298	28
13543	21905	20
13543	13406	56
13543	13422	13
13543	13464	106
13543	13458	437
13543	13247	15
13567	13665	60
13567	13690	60
13567	13703	60
13567	13790	42
13567	13732	257
13567	13968	64
13567	13742	38
13567	13938	64
13567	13943	43
13567	13797	60
13567	13233	1950
13567	13212	14872
13567	13215	622
13567	13374	37
13567	13659	720
13567	13578	2
13567	13774	15056
13567	13777	428
13567	13784	234
13567	13796	910
13567	13796	374
13567	13716	9813
13567	13751	2752
13567	13111	10
13567	13150	11
13567	12454	11
13567	13160	10
13567	13327	38
13567	13253	11
13567	13319	53
13567	13202	43
13567	13242	17
13567	13311	28
13567	13298	23
13567	21905	17
13567	13406	402
13567	13422	137
13567	13464	393
13567	13458	3468
13567	13247	58
13610	13665	60
13610	13690	60
13610	13703	60
13610	13790	146
13610	13732	3082
13610	13968	756
13610	13742	38
13610	13938	756
13610	13943	33
13610	13797	60
13610	13215	8
13610	13605	60
13610	13591	60
13610	13659	718
13610	13578	632
13610	13553	631
13610	13774	15626
13610	13777	66
13610	13784	516
13610	13796	744
13610	13796	744
13610	13716	6543
13610	13751	5909
13610	13111	39
13610	13150	14
13610	12454	14
13610	13160	13
13610	13327	13
13610	13253	14
13610	13319	14
13610	13202	15
13610	13242	20
13610	13311	34
13610	13298	28
13610	21905	20
13610	13406	23
13610	13422	13
13610	13464	18
13610	13458	499
13610	13700	999
13610	13247	15
13610	13771	4053
13610	13729	901
13665	13690	60
13665	13703	60
13665	13790	43
13665	13732	257
13665	13968	65
13665	13742	38
13665	13938	65
13665	13943	7638
13665	13797	60
13665	13212	4
13665	13215	10
13665	13605	60
13665	13591	60
13665	13495	956
13665	13363	240
13665	13374	236
13665	13413	239
13665	13344	141
13665	13577	992
13665	13480	153
13665	13659	718
13665	13501	28
13665	13578	493
13665	13553	631
13665	13774	15626
13665	13777	66
13665	13784	516
13665	13796	744
13665	13796	744
13665	13716	6543
13665	13751	5909
13665	13111	52
13665	13150	56
13665	12454	56
13665	13160	52
13665	13327	129
13665	13355	6
13665	13253	130
13665	13319	131
13665	13202	64
13665	13242	80
13665	13311	129
13665	13298	110
13665	21905	80
13665	13406	1554
13665	13422	131
13665	13464	2492
13665	13458	506
13665	13534	16
13665	13620	777
13665	13499	31
13665	13700	974
13665	13247	64
13665	13771	2848
13665	13729	879
13690	13703	60
13690	13790	42
13690	13732	240
13690	13968	64
13690	13742	38
13690	13938	64
13690	13943	7548
13690	13797	60
13690	13212	4
13690	13215	10
13690	13605	60
13690	13591	60
13690	13495	2544
13690	13363	242
13690	13374	220
13690	13413	224
13690	13344	141
13690	13577	992
13690	13480	148
13690	13659	714
13690	13501	469
13690	13578	2969
13690	13553	524
13690	13774	15626
13690	13777	66
13690	13784	360
13690	13796	732
13690	13796	462
13690	13716	3371
13690	13751	2955
13690	13111	6
13690	13150	6
13690	12454	6
13690	13160	51
13690	13327	97
13690	13355	6
13690	13253	6
13690	13319	6
13690	13202	17
13690	13242	10
13690	13311	19
13690	13298	16
13690	21905	10
13690	13406	131
13690	13422	97
13690	13464	453
13690	13458	1979
13690	13534	192
13690	13620	744
13690	13499	153
13690	13700	941
13690	13247	7
13690	13771	2233
13690	13729	844
13703	13790	42
13703	13732	240
13703	13968	64
13703	13742	38
13703	13938	64
13703	13943	7548
13703	13797	60
13703	13212	4
13703	13215	10
13703	13605	60
13703	13591	60
13703	13495	956
13703	13374	3
13703	13413	124
13703	13577	992
13703	13659	714
13703	13501	465
13703	13578	452
13703	13553	524
13703	13774	15626
13703	13777	66
13703	13784	354
13703	13796	450
13703	13796	450
13703	13716	2212
13703	13751	1802
13703	13111	6
13703	13150	6
13703	12454	6
13703	13160	4
13703	13327	10
13703	13355	13
13703	13253	6
13703	13319	14
13703	13202	7
13703	13242	10
13703	13311	19
13703	13298	16
13703	21905	10
13703	13406	39
13703	13422	108
13703	13464	123
13703	13458	1762
13703	13534	138
13703	13620	709
13703	13499	16
13703	13700	902
13703	13247	7
13703	13771	2194
13703	13729	807
13790	13732	2378
13790	13968	208
13790	13742	15700
13790	13938	208
13790	13943	298
13790	13797	3593
13790	13233	25
13790	13212	77
13790	13300	79
13790	13215	80
13790	13363	103
13790	13659	288
13790	13774	576
13790	13777	70
13790	13784	66
13790	13796	66
13790	13796	66
13790	13111	8
13790	13150	8
13790	12454	8
13790	13160	8
13790	13327	29
13790	13253	12
13790	13319	12
13790	13202	13
13790	13242	17
13790	13311	51
13790	13298	103
13790	21905	17
13790	13406	64
13790	13422	36
13790	13464	16
13790	13458	278
13790	13247	13
13732	13968	1460
13732	13742	7397
13732	13938	1472
13732	13943	303
13732	13797	7584
13732	13233	95
13732	13212	782
13732	13300	687
13732	13215	116
13732	13286	11
13732	13659	821
13732	13578	36
13732	13774	815
13732	13777	295
13732	13784	251
13732	13796	225
13732	13796	225
13732	13716	5
13732	13111	13
13732	13150	13
13732	12454	13
13732	13160	59
13732	13327	45
13732	13355	31
13732	13253	74
13732	13319	91
13732	13202	336
13732	13242	22
13732	13311	700
13732	13298	107
13732	21905	22
13732	13406	2383
13732	13422	721
13732	13464	1190
13732	13458	27441
13732	13700	15
13732	13247	339
13732	13771	31
13732	13729	5
13968	13742	6484
13968	13938	60
13968	13943	293
13968	13797	4083
13968	13233	27
13968	13212	77
13968	13300	77
13968	13215	80
13968	13659	330
13968	13774	634
13968	13777	94
13968	13784	90
13968	13796	88
13968	13796	88
13968	13111	8
13968	13150	8
13968	12454	8
13968	13160	8
13968	13327	13
13968	13253	12
13968	13319	12
13968	13202	13
13968	13242	15
13968	13311	28
13968	13298	26
13968	21905	15
13968	13406	1079
13968	13422	13
13968	13464	17
13968	13458	1710
13968	13247	13
13742	13938	6534
13742	13943	31280
13742	13797	38
13742	13215	4
13742	13605	38
13742	13591	38
13742	13495	176
13742	13363	266
13742	13374	263
13742	13413	265
13742	13344	165
13742	13577	262
13742	13480	180
13742	13533	157
13742	13659	688
13742	13501	48
13742	13578	573
13742	13553	639
13742	13774	5226
13742	13777	66
13742	13784	240
13742	13796	248
13742	13796	248
13742	13716	4429
13742	13751	3933
13742	13111	49
13742	13150	55
13742	12454	55
13742	13160	50
13742	13327	125
13742	13355	6
13742	13253	113
13742	13319	115
13742	13202	62
13742	13242	77
13742	13311	128
13742	13298	113
13742	21905	77
13742	13406	108
13742	13422	129
13742	13464	101
13742	13458	259
13742	13534	16
13742	13620	848
13742	13499	16
13742	13700	937
13742	13247	62
13742	13771	2173
13742	13729	829
13938	13943	297
13938	13797	4083
13938	13233	27
13938	13212	77
13938	13300	77
13938	13215	81
13938	13659	330
13938	13774	634
13938	13777	94
13938	13784	90
13938	13796	88
13938	13796	88
13938	13111	8
13938	13150	8
13938	12454	8
13938	13160	8
13938	13327	13
13938	13253	12
13938	13319	12
13938	13202	13
13938	13242	15
13938	13311	28
13938	13298	26
13938	21905	15
13938	13406	11
13938	13422	13
13938	13464	17
13938	13458	99
13938	13247	13
13943	13797	104296
13943	13233	158
13943	13212	170
13943	13300	179
13943	13372	2
13943	13336	2
13943	13215	164
13943	13356	1
13943	13527	10
13943	13516	2
13943	13605	7
13943	13591	7
13943	13263	68
13943	13224	68
13943	13363	65
13943	13374	65
13943	13413	66
13943	13286	9
13943	13344	35
13943	13452	6
13943	13480	58
13943	13533	71
13943	13659	2088
13943	13501	21
13943	13578	298
13943	13553	35
13943	13774	4527
13943	13777	1119
13943	13784	876
13943	13796	845
13943	13796	845
13943	13716	2379
13943	13751	2194
13943	12444	3
13943	13111	24
13943	13150	29
13943	12454	29
13943	13160	27
13943	13327	34
13943	13355	12
13943	13253	25
13943	13319	25
13943	13202	31
13943	13242	36
13943	13311	3308
13943	13298	967
13943	21905	36
13943	13406	1290
13943	13422	87
13943	13464	273
13943	13458	3311
13943	13544	6
13943	13700	324
13943	13247	31
13943	13771	396
13943	13729	296
13797	13212	4
13797	13215	10
13797	13605	60
13797	13591	60
13797	13495	956
13797	13363	240
13797	13374	236
13797	13413	239
13797	13344	141
13797	13577	992
13797	13480	153
13797	13659	718
13797	13501	28
13797	13578	493
13797	13553	631
13797	13774	15626
13797	13777	66
13797	13784	516
13797	13796	744
13797	13796	744
13797	13716	6543
13797	13751	5909
13797	13111	52
13797	13150	56
13797	12454	56
13797	13160	52
13797	13327	129
13797	13355	6
13797	13253	130
13797	13319	131
13797	13202	64
13797	13242	80
13797	13311	129
13797	13298	110
13797	21905	80
13797	13406	118
13797	13422	991
13797	13464	125
13797	13458	546
13797	13534	16
13797	13620	777
13797	13499	16
13797	13700	974
13797	13247	64
13797	13771	2848
13797	13729	879
13233	13212	5660
13233	13300	5662
13233	13372	4222
13233	13336	802
13233	13215	1446
13233	13356	638
13233	13263	52
13233	13224	8
13233	13363	88
13233	13374	86
13233	13413	86
13233	13355	3
13233	13406	79
13233	13422	16
13233	13464	74
13233	13458	345
13233	13499	16
13233	13597	66
13233	13700	52
13212	13300	60
13212	13372	60
13212	13336	128
13212	13215	264
13212	13356	62
13212	13591	22102
13212	13774	4
13212	13355	16
13212	13406	1596
13212	13422	711
13212	13464	719
13212	13458	10710
13212	13499	16
13212	13597	66
13212	13700	53
13300	13372	60
13300	13336	110
13300	13215	266
13300	13356	88
13300	13591	32098
13300	13363	38
13300	13374	36
13300	13413	36
13300	13355	3
13300	13406	270
13300	13422	82
13300	13464	138
13300	13458	1617
13300	13499	165
13300	13597	66
13300	13700	55
13372	13336	14862
13372	13215	222
13372	13356	60
13372	13591	45382
13372	13363	49
13372	13374	45
13372	13413	47
13372	13344	29
13372	13405	3
13372	13796	28
13372	13111	26
13372	13150	29
13372	12454	29
13372	13160	27
13372	13327	53
13372	13355	29
13372	13253	48
13372	13319	48
13372	13202	33
13372	13242	42
13372	13311	754
13372	13298	65
13372	21905	42
13372	13406	1748
13372	13422	499
13372	13464	65
13372	13458	6061
13372	13499	2
13372	13247	33
13336	13215	46218
13336	13356	54396
13336	13605	9912
13336	13591	6498
13336	13495	2570
13336	13263	386
13336	13224	24
13336	13363	40
13336	13374	40
13336	13413	40
13336	13344	40
13336	13405	74
13336	13577	132
13336	13480	29156
13336	13533	209
13336	13402	74
13336	13355	6
13336	13406	314
13336	13422	363
13336	13464	299
13336	13458	2785
13336	13544	140
13336	13499	71
13336	13597	55
13336	13700	2
13215	13356	47758
13215	13516	266
13215	13263	14462
13215	13224	18072
13215	13363	10532
13215	13374	3578
13215	13413	3578
13215	13241	34
13215	13286	34
13215	13344	4998
13215	12442	32
13215	13149	32
13215	12444	32
13215	13187	30
13215	13107	30
13215	12461	30
13215	12460	30
13215	13111	30
13215	13150	28
13215	12454	28
13215	13355	113
13215	13193	30
13215	13193	30
13215	13253	30
13215	13202	30
13215	13406	2360
13215	13422	870
13215	13464	814
13215	13458	8767
13215	13544	3
13215	13499	581
13215	13597	151
13215	13700	106
13215	13247	30
13356	13591	23924
13356	13495	40
13356	13263	118
13356	13224	16
13356	13363	12240
13356	13374	12168
13356	13413	12300
13356	13344	4788
13356	13405	442
13356	13577	40
13356	13480	1631
13356	13402	418
13356	13355	14
13356	13406	39
13356	13422	41
13356	13464	45
13356	13458	857
13356	13499	42
13356	13597	211
13356	13700	725
13527	13605	60
13527	13591	60
13527	13363	294
13527	13659	620
13527	13774	23976
13527	13777	66
13527	13784	480
13527	13796	559
13527	13796	75
13527	13716	75
13527	13751	75
13527	13111	17
13527	13150	21
13527	12454	21
13527	13160	19
13527	13327	28
13527	13355	51
13527	13253	24
13527	13319	25
13527	13202	85
13527	13242	30
13527	13311	125
13527	13298	43
13527	21905	30
13527	13406	637
13527	13422	367
13527	13464	595
13527	13458	3998
13527	13247	23
13527	13729	7
13516	13111	20
13516	13150	23
13516	12454	23
13516	13160	21
13516	13327	34
13516	13355	2
13516	13253	31
13516	13319	31
13516	13202	27
13516	13242	34
13516	13311	58
13516	13298	51
13516	21905	34
13516	13406	26
13516	13422	34
13516	13464	42
13516	13458	814
13516	13247	27
13605	13591	60
13605	13495	4064
13605	13363	252
13605	13374	247
13605	13413	251
13605	13344	166
13605	13405	37
13605	13577	990
13605	13480	154
13605	13659	718
13605	13501	338
13605	13774	15626
13605	13777	66
13605	13784	516
13605	13796	2797
13605	13796	2797
13605	13716	1148
13605	13751	1148
13605	13187	7
13605	13111	52
13605	13150	58
13605	12454	58
13605	13160	54
13605	13327	139
13605	13355	7
13605	13193	7
13605	13253	240
13605	13319	130
13605	13202	66
13605	13242	84
13605	13311	138
13605	13298	120
13605	21905	84
13605	13406	1145
13605	13422	140
13605	13464	309
13605	13458	10475
13605	13534	19
13605	13247	66
13605	13771	32
13591	13495	6486
13591	13363	251
13591	13374	244
13591	13413	249
13591	13286	1074
13591	13344	159
13591	13577	988
13591	13480	2967
13591	13774	14928
13591	13777	70
13591	13784	518
13591	13796	1148
13591	13796	1148
13591	13716	1148
13591	13751	1148
13591	13111	52
13591	13150	58
13591	12454	58
13591	13160	53
13591	13327	140
13591	13355	7
13591	13253	128
13591	13319	130
13591	13202	66
13591	13242	84
13591	13311	139
13591	13298	122
13591	21905	84
13591	13406	605
13591	13422	618
13591	13464	182
13591	13458	13951
13591	13247	66
13591	13771	295
13495	13363	9279
13495	13374	226
13495	13413	231
13495	13286	2041
13495	13344	159
13495	13452	56
13495	13405	70
13495	13432	25
13495	13577	60
13495	13480	17387
13495	13578	428
13495	13774	1136
13495	13777	52
13495	13784	2132
13495	13796	7277
13495	13796	2186
13495	13716	2186
13495	13751	2186
13495	13111	52
13495	13150	195
13495	12454	59
13495	13160	54
13495	13199	1
13495	13327	143
13495	13355	121
13495	13253	125
13495	13319	125
13495	13202	964
13495	13242	83
13495	13311	591
13495	13298	127
13495	21905	83
13495	13406	2713
13495	13422	2449
13495	13464	837
13495	13458	21356
13495	13247	66
13495	13771	1694
13263	13363	52
13263	13374	52
13263	13413	52
13263	13355	88
13263	13406	191
13263	13422	188
13263	13464	179
13263	13458	2736
13263	13544	2
13263	13499	150
13263	13597	132
13263	13700	95
13224	13355	1107
13224	13406	10954
13224	13422	4144
13224	13464	2482
13224	13458	42148
13224	13544	17
13224	13499	509
13224	13597	2080
13224	13700	93
13363	13374	60
13363	13413	60
13363	13286	6
13363	13334	60
13363	13344	60
13363	13405	60
13363	13577	242
13363	13480	56
13363	13533	46
13363	13150	97
13363	12454	97
13363	13160	86
13363	13402	60
13363	13355	233
13363	13202	107
13363	13242	165
13363	13311	331
13363	13298	311
13363	21905	165
13363	13406	1689
13363	13422	1950
13363	13464	1583
13363	13458	2577
13363	13544	32
13363	13499	1236
13363	13247	107
13374	13413	60
13374	13286	6
13374	13334	60
13374	13344	60
13374	13405	60
13374	13577	226
13374	13480	54
13374	13533	42
13374	13150	97
13374	12454	97
13374	13160	86
13374	13402	60
13374	13355	233
13374	13202	107
13374	13242	165
13374	13311	331
13374	13298	311
13374	21905	165
13374	13406	1689
13374	13422	1497
13374	13464	1583
13374	13458	273
13374	13544	32
13374	13499	1236
13374	13247	107
13413	13286	6
13413	13334	60
13413	13344	60
13413	13405	60
13413	13577	231
13413	13480	54
13413	13533	42
13413	13150	97
13413	12454	97
13413	13160	86
13413	13402	60
13413	13355	233
13413	13202	107
13413	13242	165
13413	13311	331
13413	13298	311
13413	21905	165
13413	13406	1689
13413	13422	1497
13413	13464	1583
13413	13458	273
13413	13499	1236
13413	13247	107
13241	13286	60
13241	13344	60
13241	12442	56
13241	13149	348
13241	12444	56
13241	13187	56
13241	13107	144
13241	12461	56
13241	12460	56
13241	13111	56
13241	13150	792
13241	12454	792
13241	13355	2860
13241	13193	56
13241	13193	56
13241	13253	48
13241	13202	56
13241	13406	9750
13241	13422	13304
13241	13464	3517
13241	13458	15824
13241	13544	34
13241	13499	366
13241	13597	1747
13241	13700	104
13241	13247	56
13286	13344	60
13286	12442	56
13286	13149	56
13286	12444	56
13286	13187	144
13286	13107	56
13286	12461	56
13286	12460	56
13286	13111	56
13286	13150	792
13286	12454	792
13286	13355	398
13286	13193	56
13286	13193	56
13286	13253	48
13286	13202	56
13286	13406	1480
13286	13422	3600
13286	13464	1239
13286	13458	3853
13286	13544	2
13286	13499	29
13286	13597	149
13286	13700	104
13286	13247	56
13292	12444	54
13292	13187	56
13292	13107	52
13292	12461	54
13292	12460	52
13292	13111	50
13292	13261	150
13292	13199	60
13292	13278	60
13292	13270	60
13292	13327	60
13292	13355	2221
13292	13193	56
13292	13193	56
13292	13253	60
13292	13319	60
13292	13202	50
13292	13311	150
13292	13298	60
13292	13406	9346
13292	13422	26788
13292	13464	2620
13292	13458	12560
13292	13544	11
13292	13499	61
13292	13597	238
13292	13700	167
13292	13247	50
13334	13344	60
13334	13405	440
13334	13402	246
13334	13355	80827
13334	13406	29767
13334	13422	30612
13334	13464	4913
13334	13458	59335
13334	13544	41
13334	13499	191
13334	13597	410
13334	13700	259
13344	13405	60
13344	13577	159
13344	12442	56
13344	13149	56
13344	12444	28
13344	13107	28
13344	13111	28
13344	13150	233
13344	12454	233
13344	13160	82
13344	13402	60
13344	13355	1131
13344	13202	151
13344	13242	165
13344	13311	331
13344	13298	311
13344	21905	165
13344	13406	1689
13344	13422	1497
13344	13464	1583
13344	13458	4776
13344	13544	32
13344	13499	1236
13344	13247	151
13452	13111	89
13452	13150	393
13452	12454	96
13452	13160	85
13452	13327	1034
13452	13355	49
13452	13253	784
13452	13319	783
13452	13202	113
13452	13242	146
13452	13311	3046
13452	13298	251
13452	21905	146
13452	13406	1051
13452	13422	936
13452	13464	1012
13452	13458	741
13452	13247	113
13405	13150	1442
13405	12454	96
13405	13160	86
13405	13402	60
13405	13355	14256
13405	13202	107
13405	13242	2026
13405	13311	2913
13405	13298	8692
13405	21905	2345
13405	13406	1888
13405	13422	4859
13405	13464	5605
13405	13458	13460
13405	13544	234
13405	13247	107
13432	13553	58
13432	13107	273
13432	12460	213
13432	13111	408
13432	13150	408
13432	12454	408
13432	13160	350
13432	13278	10238
13432	13270	14594
13432	13327	14505
13432	13355	33420
13432	21906	60
13432	13253	5032
13432	13319	5028
13432	13202	518
13432	13242	739
13432	13311	1833
13432	13298	8019
13432	21905	739
13432	13406	7196
13432	13422	13165
13432	13464	56215
13432	13458	28179
13432	13544	1244
13432	13534	840
13432	13620	60
13432	13499	60
13432	13700	34
13432	13247	518
13432	13771	15318
13432	13729	60
13577	13659	788
13577	13578	3040
13577	13774	1156
13577	13777	95
13577	13784	44
13577	13796	44
13577	13796	44
13577	13716	44
13577	13751	44
13577	13111	52
13577	13150	58
13577	12454	58
13577	13160	53
13577	13327	136
13577	13355	5
13577	13253	125
13577	13319	126
13577	13202	64
13577	13242	83
13577	13311	136
13577	13298	124
13577	21905	83
13577	13406	118
13577	13422	134
13577	13464	1557
13577	13458	6089
13577	13534	209
13577	13620	1736
13577	13499	179
13577	13700	1856
13577	13247	64
13577	13771	8582
13577	13729	1762
13480	13533	60
13480	13111	10
13480	13150	10
13480	12454	10
13480	13160	8
13480	13327	12
13480	13253	13
13480	13319	13
13480	13202	11
13480	13242	16
13480	13311	34
13480	13298	30
13480	21905	16
13480	13406	12
13480	13422	48
13480	13464	14
13480	13458	53
13480	13247	11
13533	13659	306
13533	13578	60
13533	13774	3019
13533	13777	14
13533	13784	400
13533	13796	592
13533	13796	592
13533	13716	592
13533	13751	592
13533	13111	8
13533	13150	8
13533	12454	8
13533	13160	6
13533	13327	8
13533	13253	11
13533	13319	11
13533	13202	10
13533	13242	12
13533	13311	27
13533	13298	23
13533	21905	12
13533	13406	64
13533	13422	117
13533	13464	107
13533	13458	212
13533	13534	2692
13533	13620	56
13533	13499	1399
13533	13700	6434
13533	13247	10
13533	13771	14034
13533	13729	60
13659	13501	306
13659	13578	306
13659	13774	6260
13659	13777	62
13659	13784	56
13659	13796	616
13659	13796	616
13659	13716	668
13659	13751	668
13659	13111	4
13659	13150	4
13659	12454	4
13659	13160	4
13659	13327	8
13659	13355	9
13659	13253	4
13659	13319	4
13659	13202	6
13659	13242	8
13659	13311	17
13659	13298	14
13659	21905	8
13659	13406	42
13659	13422	87
13659	13464	145
13659	13458	2887
13659	13534	1026
13659	13620	643
13659	13499	101
13659	13700	922
13659	13247	6
13659	13771	3699
13659	13729	756
13501	13578	150
13501	13774	3068
13501	13777	14
13501	13784	400
13501	13796	594
13501	13796	594
13501	13716	594
13501	13751	594
13501	13111	35
13501	13150	36
13501	12454	36
13501	13160	32
13501	13327	161
13501	13355	11
13501	13253	161
13501	13319	161
13501	13202	41
13501	13242	55
13501	13311	108
13501	13298	96
13501	21905	55
13501	13406	165
13501	13422	161
13501	13464	228
13501	13458	3624
13501	13534	5808
13501	13620	56
13501	13499	1211
13501	13700	6400
13501	13247	41
13501	13771	13624
13501	13729	60
13578	13774	3086
13578	13777	14
13578	13784	400
13578	13796	594
13578	13796	594
13578	13716	594
13578	13751	3714
13578	13111	4
13578	13150	119
13578	12454	4
13578	13160	4
13578	13327	8
13578	13355	10
13578	13253	4
13578	13319	50
13578	13202	16
13578	13242	9
13578	13311	766
13578	13298	126
13578	21905	9
13578	13406	747
13578	13422	1044
13578	13464	2545
13578	13458	26489
13578	13534	164019
13578	13620	542
13578	13499	17739
13578	13700	6450
13578	13247	124
13578	13771	14544
13578	13729	60
13553	13774	2386
13553	12444	10
13553	13187	8
13553	13107	8
13553	12461	9
13553	12460	10
13553	13111	8
13553	13150	8
13553	12454	8
13553	13160	6
13553	13261	13
13553	13199	63
13553	13278	17
13553	13270	17
13553	13327	16
13553	13355	86
13553	21906	265
13553	13193	8
13553	13193	8
13553	13253	56
13553	13319	8
13553	13202	10
13553	13242	14
13553	13311	411
13553	13298	27
13553	21905	14
13553	13406	330
13553	13422	505
13553	13464	534
13553	13458	18099
13553	13534	14992
13553	13620	385
13553	13499	740
13553	13700	181
13553	13247	114
13774	13777	3364
13774	13784	1972
13774	13796	1562
13774	13796	1562
13774	13716	3846
13774	13751	5209
13774	13111	8
13774	13150	74
13774	12454	8
13774	13160	6
13774	13327	18
13774	13355	18
13774	13253	10
13774	13319	10
13774	13202	194
13774	13242	12
13774	13311	196
13774	13298	181
13774	21905	12
13774	13406	355
13774	13422	182
13774	13464	902
13774	13458	17876
13774	13534	1021
13774	13620	3181
13774	13499	617
13774	13597	8
13774	13700	24654
13774	13247	10
13774	13771	4337
13774	13729	3283
13777	13784	54
13777	13796	50
13777	13796	50
13777	13716	6637
13777	13751	52
13777	13111	4
13777	13150	55
13777	12454	4
13777	13160	4
13777	13327	6
13777	13355	10
13777	13253	4
13777	13319	10
13777	13202	15
13777	13242	8
13777	13311	59
13777	13298	14
13777	21905	8
13777	13406	172
13777	13422	45
13777	13464	879
13777	13458	5786
13777	13534	612
13777	13620	26
13777	13499	224
13777	13700	34
13777	13247	6
13777	13771	1707
13777	13729	23
13784	13796	54
13784	13796	54
13784	13716	54
13784	13751	54
13784	13111	4
13784	13150	4
13784	12454	4
13784	13160	49
13784	13327	9
13784	13355	12
13784	13253	4
13784	13319	4
13784	13202	7
13784	13242	10
13784	13311	75
13784	13298	16
13784	21905	10
13784	13406	47
13784	13422	94
13784	13464	204
13784	13458	1063
13784	13534	131
13784	13620	1424
13784	13499	270
13784	13700	20018
13784	13247	7
13784	13771	54
13784	13729	2360
13796	13796	60
13796	13716	60
13796	13751	60
13796	13111	4
13796	13150	68
13796	12454	4
13796	13160	4
13796	13327	9
13796	13355	12
13796	13253	4
13796	13319	5
13796	13202	7
13796	13242	10
13796	13311	194
13796	13298	16
13796	21905	10
13796	13406	101
13796	13422	126
13796	13464	735
13796	13458	3230
13796	13534	1287
13796	13620	1984
13796	13499	373
13796	13700	4944
13796	13247	7
13796	13771	56
13796	13729	4772
13796	13716	60
13796	13751	60
13796	13111	4
13796	13150	4
13796	12454	4
13796	13160	4
13796	13327	9
13796	13355	84
13796	13253	4
13796	13319	5
13796	13202	43
13796	13242	10
13796	13311	19
13796	13298	16
13796	21905	10
13796	13406	38
13796	13422	16
13796	13464	16
13796	13458	1385
13796	13534	208
13796	13620	1984
13796	13499	274
13796	13700	4944
13796	13247	7
13796	13771	56
13796	13729	4772
13716	13751	60
13716	13111	4
13716	13150	4
13716	12454	4
13716	13160	4
13716	13327	9
13716	13355	12
13716	13253	4
13716	13319	5
13716	13202	69
13716	13242	10
13716	13311	229
13716	13298	16
13716	21905	10
13716	13406	38
13716	13422	16
13716	13464	429
13716	13458	2709
13716	13534	1617
13716	13620	15340
13716	13499	128
13716	13700	4944
13716	13247	7
13716	13771	56
13716	13729	4772
13751	13111	4
13751	13150	4
13751	12454	4
13751	13160	4
13751	13327	9
13751	13355	12
13751	13253	4
13751	13319	5
13751	13202	7
13751	13242	10
13751	13311	19
13751	13298	16
13751	21905	10
13751	13406	4
13751	13422	106
13751	13464	23
13751	13458	1784
13751	13534	784
13751	13620	1984
13751	13499	31
13751	13700	4944
13751	13247	7
13751	13771	56
13751	13729	4772
12442	13149	60
12442	12444	60
12442	13187	60
12442	13107	60
12442	12461	60
12442	12460	60
12442	13111	60
12442	13150	60
12442	12454	60
12442	13261	54
12442	13199	60
12442	13278	54
12442	13270	54
12442	13327	56
12442	13355	187
12442	13193	60
12442	13193	60
12442	13253	56
12442	13319	54
12442	13202	54
12442	13311	54
12442	13298	54
12442	13406	9579
12442	13422	1610
12442	13464	4536
12442	13458	321
12442	13544	30
12442	13597	236
12442	13700	52
12442	13247	54
13149	12444	60
13149	13187	60
13149	13107	60
13149	12461	60
13149	12460	60
13149	13111	56
13149	13150	56
13149	12454	56
13149	13261	56
13149	13199	60
13149	13278	56
13149	13270	56
13149	13327	56
13149	13355	188
13149	13193	60
13149	13193	60
13149	13253	60
13149	13319	54
13149	13202	60
13149	13311	54
13149	13298	54
13149	13406	1208
13149	13422	187
13149	13464	1155
13149	13458	76
13149	13544	2
13149	13597	246
13149	13700	52
13149	13247	60
12444	13187	60
12444	13107	60
12444	12461	60
12444	12460	60
12444	13111	60
12444	13150	60
12444	12454	60
12444	13261	54
12444	13199	60
12444	13278	54
12444	13270	54
12444	13327	56
12444	13355	2943
12444	13193	60
12444	13193	60
12444	13253	56
12444	13319	54
12444	13311	54
12444	13298	54
12444	13406	87194
12444	13422	21512
12444	13464	19530
12444	13458	1243
12444	13544	93
12444	13499	35
12444	13597	238
12444	13700	52
12444	13771	67
12444	13729	54
13187	13107	60
13187	12461	60
13187	12460	60
13187	13111	56
13187	13261	56
13187	13199	60
13187	13278	56
13187	13270	56
13187	13327	56
13187	13355	5918
13187	13193	60
13187	13193	60
13187	13253	60
13187	13319	54
13187	13202	60
13187	13311	344
13187	13298	54
13187	13406	53646
13187	13422	846
13187	13464	3708
13187	13458	550
13187	13544	23
13187	13597	245
13187	13700	52
13187	13247	60
13187	13771	67
13187	13729	54
13107	12461	792
13107	13111	60
13107	13150	60
13107	12454	60
13107	13261	54
13107	13199	60
13107	13402	103
13107	13355	619
13107	21906	9
13107	13193	60
13107	13193	60
13107	13253	54
13107	13406	1223
13107	13422	1272
13107	13464	1746
13107	13458	1707
13107	13544	15
13107	13499	18
13107	13597	47
13107	13700	22
13107	13771	287
13107	13729	22
12461	12460	60
12461	13261	54
12461	13199	250
12461	13278	54
12461	13270	54
12461	13327	56
12461	13355	567
12461	13193	60
12461	13193	60
12461	13253	60
12461	13319	54
12461	13202	60
12461	13406	1917
12461	13422	822
12461	13464	822
12461	13458	2096
12461	13544	16
12461	13534	78
12461	13620	20
12461	13499	4
12461	13597	64
12461	13700	28
12461	13247	60
12461	13771	36
12461	13729	30
12460	13261	52
12460	13199	60
12460	13278	50
12460	13355	483
12460	21906	15
12460	13193	60
12460	13193	60
12460	13253	54
12460	13202	60
12460	13406	3151
12460	13422	1221
12460	13464	903
12460	13458	2558
12460	13544	18
12460	13534	1006
12460	13620	2
12460	13499	18
12460	13597	60
12460	13700	27
12460	13247	60
12460	13771	34
12460	13729	28
13111	13150	60
13111	12454	60
13111	13261	52
13111	13199	56
13111	13402	117
13111	13355	166
13111	21906	9
13111	13193	40
13111	13193	40
13111	13406	1626
13111	13422	290
13111	13464	839
13111	13458	2374
13111	13544	15
13111	13534	43
13111	13499	2
13111	13597	47
13111	13700	21
13111	13771	27
13111	13729	22
13150	12454	60
13150	13402	616
13150	13355	341
13150	21906	9
13150	13406	6405
13150	13422	290
13150	13464	561
13150	13458	5957
13150	13544	117
13150	13534	95
13150	13499	65
13150	13597	46
13150	13700	21
13150	13771	27
13150	13729	394
12454	13402	117
12454	13355	139
12454	21906	9
12454	13406	226
12454	13422	290
12454	13464	427
12454	13458	447
12454	13544	15
12454	13499	2
12454	13597	46
12454	13700	21
12454	13771	27
12454	13729	22
13160	13402	105
13160	13355	46
13160	21906	6
13160	13406	805
13160	13422	8
13160	13464	106
13160	13458	1215
13160	13544	12
13160	13499	2
13160	13597	39
13160	13700	19
13160	13771	23
13160	13729	19
13261	13199	60
13261	13278	60
13261	13270	60
13261	13327	60
13261	13355	1659
13261	13193	56
13261	13193	56
13261	13253	60
13261	13319	60
13261	13202	48
13261	13311	60
13261	13298	60
13261	13406	8552
13261	13422	330
13261	13464	150
13261	13544	69
13261	13499	50
13261	13597	710
13261	13700	112
13261	13247	48
13261	13771	160
13261	13729	113
13199	13278	60
13199	13270	60
13199	13327	60
13199	13355	1236
13199	13193	60
13199	13193	60
13199	13253	60
13199	13319	60
13199	13202	60
13199	13311	54
13199	13298	54
13199	13406	1060
13199	13422	60
13199	13464	60
13199	13458	15
13199	13544	130
13199	13499	4
13199	13597	213
13199	13700	47
13199	13247	60
13199	13771	64
13199	13729	49
13278	13270	60
13278	13327	60
13278	13355	1181
13278	21906	16
13278	13193	56
13278	13193	56
13278	13253	60
13278	13319	60
13278	13311	350
13278	13298	60
13278	13406	830
13278	13422	150
13278	13464	60
13278	13544	67
13278	13499	50
13278	13597	710
13278	13700	300
13278	13771	159
13278	13729	112
13270	13327	60
13270	13402	1601
13270	13355	1492
13270	21906	16
13270	13193	56
13270	13193	56
13270	13253	60
13270	13319	60
13270	13311	60
13270	13298	60
13270	13406	6056
13270	13422	60
13270	13464	60
13270	13544	67
13270	13499	50
13270	13597	710
13270	13700	111
13270	13771	159
13270	13729	112
13327	13402	1606
13327	13355	282
13327	21906	16
13327	13193	60
13327	13193	60
13327	13253	60
13327	13319	60
13327	13311	1240
13327	13298	350
13327	13406	1052
13327	13422	60
13327	13464	60
13327	13544	66
13327	13499	616
13327	13597	710
13327	13700	111
13327	13771	159
13327	13729	112
13402	13253	1325
13402	13319	1325
13402	13202	136
13402	13242	183
13402	13311	363
13402	13298	342
13402	21905	2395
13402	13406	1773
13402	13422	1605
13402	13464	1633
13402	13458	1943
13402	13544	37
13402	13499	1321
13402	13597	1083
13402	13700	519
13402	13247	136
13355	21906	33420
13355	13193	611
13355	13193	611
13355	13253	650
13355	13319	3512
13355	13202	1238
13355	13242	81
13355	13311	10567
13355	13298	3256
13355	21905	1070
13355	13406	10592
13355	13422	41479
13355	13464	10777
13355	13458	12769
13355	13544	151
13355	13534	201
13355	13620	201
13355	13499	3289
13355	13597	485
13355	13700	1768
13355	13247	79
13355	13771	297
13355	13729	1847
21906	13193	347
21906	13193	347
21906	13253	347
21906	13319	347
21906	13202	15
21906	13242	33
21906	13311	657
21906	13298	820
21906	21905	33
21906	13406	560
21906	13422	16
21906	13464	18
21906	13544	1271
21906	13534	1938
21906	13620	60
21906	13499	60
21906	13700	34
21906	13247	15
21906	13771	15318
21906	13729	60
13193	13193	60
13193	13253	60
13193	13319	56
13193	13202	60
13193	13311	54
13193	13298	54
13193	13406	1261
13193	13422	846
13193	13464	846
13193	13544	23
13193	13597	248
13193	13700	52
13193	13247	60
13193	13771	67
13193	13729	54
13193	13253	60
13193	13319	56
13193	13202	60
13193	13311	54
13193	13298	54
13193	13406	42358
13193	13422	846
13193	13464	10065
13193	13458	147
13193	13544	23
13193	13597	248
13193	13700	52
13193	13247	60
13193	13771	67
13193	13729	54
13253	13319	60
13253	13311	60
13253	13298	60
13253	13406	42995
13253	13422	906
13253	13464	906
13253	13458	131
13253	13544	23
13253	13597	248
13253	13700	52
13253	13771	67
13253	13729	54
13319	13311	5430
13319	13298	1240
13319	13406	17348
13319	13422	906
13319	13464	906
13319	13458	81
13319	13544	23
13319	13597	664
13319	13700	52
13319	13771	67
13319	13729	54
13202	13406	18087
13202	13422	4579
13202	13464	2418
13202	13458	15835
13202	13544	84
13202	13534	31
13202	13620	2
13202	13499	51
13202	13597	56
13202	13700	26
13202	13247	60
13202	13771	32
13202	13729	26
13242	21905	60
13242	13406	12344
13242	13422	258
13242	13464	258
13242	13458	8924
13242	13544	29
13242	13534	6
13242	13620	6
13242	13499	49
13242	13597	80
13242	13700	36
13242	13771	44
13242	13729	36
13311	13298	11640
13311	13406	657084
13311	13422	93860
13311	13464	28732
13311	13458	236297
13311	13544	175
13311	13534	628
13311	13620	25
13311	13499	1213
13311	13597	179
13311	13700	75
13311	13771	94
13311	13729	3385
13298	13406	107103
13298	13422	10418
13298	13464	16084
13298	13458	59656
13298	13544	447
13298	13534	18
13298	13620	18
13298	13499	596
13298	13597	131
13298	13700	496
13298	13771	83
13298	13729	59
21905	13406	5161
21905	13422	40
21905	13464	40
21905	13458	1796
21905	13544	29
21905	13534	6
21905	13620	6
21905	13499	8
21905	13597	80
21905	13700	36
21905	13771	44
21905	13729	36
13406	13422	860
13406	13464	51286
13406	13544	1621
13406	13597	1714
13406	13700	1963
13406	13247	3821
13406	13771	847
13406	13729	4129
13422	13464	150
13422	13544	1075
13422	13499	6868
13422	13597	2067
13422	13700	4745
13422	13247	383
13422	13771	1238
13422	13729	4092
13464	13458	2308
13464	13544	6997
13464	13499	33680
13464	13597	42760
13464	13700	14986
13464	13247	2254
13464	13771	3234
13464	13729	10779
13458	13544	86272
13458	13499	63938
13458	13597	294867
13458	13700	57856
13458	13247	9068
13458	13771	39981
13458	13729	108195
13544	13534	220850
13544	13620	1271
13544	13499	5742
13544	13597	4
13544	13700	1400
13544	13247	18
13544	13771	402
13544	13729	273
13534	13620	440
13534	13499	9820
13534	13700	358
13534	13247	2
13534	13771	81346
13534	13729	350
13620	13499	60
13620	13700	34
13620	13247	2
13620	13771	15318
13620	13729	60
13499	13247	51
13597	13700	490
13597	13247	56
13597	13771	1010
13597	13729	708
13700	13247	26
13700	13771	13938
13700	13729	1684
13247	13771	32
13247	13729	26
13771	13729	15318
