576	78	1641
2538	2042	2043	4.575864
2640	2127	2128	1.865843
2641	2128	2129	62.57254
2659	2132	2145	4.518981
2662	2127	2148	3.571265
2683	2164	2132	19.288357
2695	2129	2172	9.702606
2746	2211	2127	85.176506
2747	2164	2211	63.285961
2763	2145	2227	15.151327
2843	2290	2164	83.954346
2852	2227	2290	25.749387
2870	2290	2308	5.850872
2880	2148	2316	28.196219
2881	2308	2316	30.07689
2949	2360	2172	37.737951
2950	2360	2316	7.454252
3080	2227	2456	28.114938
3101	2308	2472	81.172745
3284	2604	2472	64.139069
3306	2618	2172	142.490494
3330	2636	2360	30.197173
3331	2636	2604	16.101917
3333	2456	2638	19.375315
3420	2702	2618	14.532914
3468	2750	2751	13.326588
3469	2750	2752	4.680705
3493	2787	2788	7.893451
3494	2788	2789	4.511786
3499	2797	2798	0.613294
3523	2837	2838	15.365166
3527	2845	2846	1.696609
3529	2849	2850	57.362022
3536	2638	2860	10.394486
3539	2863	2702	16.41901
3541	2636	2863	11.002779
3578	2895	2863	2.936127
3593	2860	2907	5.005186
3598	2907	2914	1.831778
3605	2921	2914	6.13405
3634	2942	2702	29.770603
3664	2942	2895	44.126633
3684	2976	2618	72.407127
3697	2914	2987	8.524698
3700	2895	2991	11.679832
3785	2752	2942	25.851408
3800	2976	2751	18.817192
3803	2895	3068	145.667953
3925	3068	3166	9.286485
3926	2987	3166	25.055366
3934	2895	3171	22.697627
3983	3206	2752	13.459037
3984	3206	3171	3.640361
4004	3166	3222	7.718257
4059	2991	3261	19.990023
4074	3275	2750	32.970898
4079	3279	2921	30.471268
4096	2914	3294	71.086075
4104	3261	3301	9.337305
4144	3331	3275	8.084519
4145	3331	3206	14.664645
4155	3339	3294	6.150627
4156	3279	3339	31.840702
4161	3344	3171	36.298481
4168	3349	3279	3.982008
4180	3357	3166	43.806328
4219	3381	3357	55.035786
4220	3381	3339	7.297251
4258	3415	3222	32.695946
4286	3437	3381	11.49002
4318	3460	3437	41.087135
4319	3460	3349	8.297656
4323	3222	3464	19.678376
4324	3465	3415	22.207024
4333	3301	3464	15.285025
4334	3464	3465	0.535957
4337	3472	3344	22.640308
4338	3261	3472	54.580814
4356	3493	3331	17.163441
4357	3493	2751	29.34444
4380	3501	3357	26.397707
4391	3509	3472	28.668022
4393	3511	3493	10.475345
4397	3509	3511	30.358379
4398	3514	3437	17.396719
4434	3541	3472	25.411068
4435	3541	3464	75.633179
4438	3493	3544	7.299812
4462	3563	3501	14.458098
4483	3581	3460	11.498202
4484	3581	3582	20.384203
4486	3464	3584	32.213646
4487	3585	3511	7.22553
4488	3585	3509	23.491207
4500	3584	3594	2.318805
4525	3610	3611	22.25387
4526	3610	3415	38.320004
4535	3464	3619	12.889197
4536	3611	3619	17.304556
4538	3594	3619	10.651374
4542	2787	3563	4.258624
4549	3604	3628	12.449042
4551	3541	3630	12.988438
4552	3584	3630	27.770147
4553	3631	3581	6.02303
4557	3581	3635	15.046957
4559	3637	3514	10.372664
4572	3647	3514	25.542349
4593	3665	3637	1.74425
4594	3665	3647	4.355118
4608	3635	3673	7.510005
4609	3647	3673	2.088296
4667	2789	3665	8.336893
4680	3673	2797	4.103112
4681	3720	3631	8.266082
4684	3544	3722	12.240446
4714	3808	2788	8.297726
4719	3722	3747	5.975986
4746	3782	3680	13.780523
4757	3793	3720	12.061483
4758	3793	3791	22.833386
4761	2789	3794	12.270357
4764	3791	3799	24.797006
4774	3808	3610	45.473984
4776	3809	3630	52.821213
4801	3630	3828	12.799526
4802	3628	3829	41.373981
4810	3809	3585	23.211731
4832	3838	3782	11.410665
4833	3829	3838	10.04938
4836	3619	3841	20.393961
4856	2798	3855	13.155274
4859	3782	3799	3.758575
4871	3794	3866	8.850924
4872	3866	3855	6.530644
4885	3878	3793	30.245659
4886	3855	3878	0.674279
4911	3866	3896	6.254891
4914	3841	3899	1.916609
4920	3899	3903	1.259887
4921	3903	3610	60.095596
4926	3828	3907	16.102887
4927	3899	3907	5.530529
4932	3910	3838	7.591703
4933	2838	3809	22.568019
4934	3799	3910	2.241649
4953	3907	2838	8.025219
4969	3838	3929	20.31934
4970	3929	3604	32.036015
4971	3930	3808	16.58614
4975	3903	3934	3.680604
4977	3899	3936	2.738954
4978	3934	3936	4.203113
4983	3941	3930	2.298879
4984	3896	3941	29.098729
4995	3950	3936	3.263907
5001	3953	3930	3.731209
5002	3934	3953	2.754507
5007	3956	3957	3.955299
5008	3747	3957	23.565867
5009	2837	3950	6.4336
5015	3941	3963	4.547572
5016	3953	3963	1.126128
5032	3878	3978	11.675934
5035	3963	4003	4.953707
5040	3929	3984	34.90895
5041	3985	3793	17.639771
5044	3987	3941	31.698282
5045	3988	3747	23.151807
5054	3996	3934	7.936296
5062	4002	3910	30.417091
5070	3978	4010	3.59254
5098	2850	2837	12.958943
5100	4010	4031	18.81399
5124	2849	3936	10.522881
5128	4003	2845	5.327167
5129	3987	2845	8.610299
5136	4031	4056	8.994839
5141	4060	4061	4.334997
5142	2850	4062	29.13097
5148	4056	3987	25.474731
5156	4062	4070	3.575872
5157	4060	3956	47.654566
5174	4083	4010	8.909443
5175	3985	4083	25.480019
5176	4084	3996	11.741081
5177	2846	4084	4.209874
5180	4056	4083	32.571445
5193	4096	4060	3.458308
5196	3957	4098	41.930798
5203	2846	4103	3.101678
5207	4107	4098	35.469917
5224	4121	2043	38.683657
5242	4137	4083	4.591293
5243	4138	4002	37.007427
5250	4143	4084	4.895927
5254	4107	4146	35.757721
5255	3988	4146	14.301455
5256	4070	4146	9.451624
5258	4148	2849	22.63726
5263	4153	4137	0.995217
5282	4061	4121	45.597004
5308	4194	4195	78.289925
5313	4204	4205	1.194195
5317	4241	4213	50.906883
5318	4214	4215	6.702844
5319	16204	4214	40.205086
5336	4241	22802	85.965271
5339	4247	4248	3.199407
5372	4301	4302	25.25231
5376	4308	4309	8.036815
5386	4320	4107	17.497646
5390	4323	4143	13.336185
5391	4103	4323	6.918938
5396	4328	3985	77.876762
5397	4328	4138	13.692377
5398	4329	2850	40.441521
5409	4339	4070	42.151756
5415	4329	4339	37.696957
5433	4359	4148	17.383533
5434	4084	4359	15.224749
5452	2849	4372	27.784058
5475	4389	4153	11.304066
5517	4421	4320	27.109188
5533	4195	4359	25.456909
5535	4430	4389	7.751688
5566	4323	4452	14.471396
5567	4453	4096	29.622136
5568	4453	4098	102.798119
5603	3910	4481	48.286351
5607	4484	4195	21.652542
5608	4452	4484	5.931045
5627	2043	4501	27.559882
5645	4146	4516	23.269117
5650	4519	3984	57.413387
5653	4520	4481	70.188337
5654	4519	4520	1.639859
5662	4484	4213	25.220126
5664	16204	4328	65.74485
5679	4481	16204	8.86589
5683	4501	22806	25.076649
5691	4687	4453	29.294051
5694	4421	4547	49.701298
5711	4215	4430	18.726509
5725	4569	4519	5.509864
5728	4452	4242	15.443364
5732	4372	4572	24.568737
5737	4577	4329	70.122574
5740	4572	4577	2.106443
5744	4577	4581	0.608198
5752	4588	4589	1.794961
5753	4581	4588	1.674412
5771	4547	4218	19.212105
5772	4597	4218	16.271411
5773	4516	4597	11.30772
5776	4589	4597	20.423532
5777	4205	4588	2.036997
5782	4194	4572	11.442651
5807	4213	4194	9.023583
5822	4633	2042	54.762978
5823	4633	4096	108.738014
5843	4214	4649	25.325778
5888	4715	4633	12.565125
5909	4242	22802	3.61495
5910	4649	4695	18.891066
5937	4687	4715	26.608177
5939	4717	4687	2.747405
5940	4717	4421	111.418991
5945	4719	4569	28.150494
5962	4248	4717	1.964715
5985	4218	4247	39.099501
6044	4786	4204	28.52831
6097	4569	4832	120.743134
6104	4838	4218	84.407578
6105	4786	4838	40.667969
6107	4832	4840	16.052099
6110	4842	4717	15.473831
6190	4907	4719	23.17572
6204	4916	4838	16.26314
6218	4928	4832	11.107365
6270	4963	4715	75.725555
6271	4963	4842	21.546135
6277	4840	4969	74.737991
6278	4907	4969	96.056839
6298	4979	4247	28.234649
6311	4989	4979	2.355151
6312	4990	4989	0.711713
6339	5009	4963	5.465884
6343	4916	4990	26.466308
6368	5026	4916	17.806087
6392	5042	4241	75.48101
6454	5042	5092	40.376152
6455	4695	5092	40.692209
6459	5095	5009	103.221519
6463	5092	5099	0.862342
6466	4989	5102	13.690905
6471	5105	4969	64.107422
6473	5106	4928	60.57597
6479	5110	4204	57.621346
6483	5110	5026	36.092059
6498	5123	5095	60.956444
6512	5135	5110	3.176687
6517	5138	5135	0.271446
6527	5145	5138	1.174382
6561	5169	5123	27.494474
6562	5170	5042	34.296104
6565	5009	5172	21.767899
6566	5173	5042	53.497143
6567	5173	5145	7.606479
6577	5182	5095	38.322235
6598	5198	5169	10.109676
6620	5215	5106	48.286663
6644	4907	22800	0.898238
6645	5233	5105	53.776119
6651	5232	5239	3.372646
6682	5239	5270	1.797828
6711	5293	5270	2.901245
6726	5303	5233	4.924166
6727	5303	5232	26.900977
6798	5232	5359	15.304643
6807	5367	5303	14.771052
6825	5102	5378	130.398544
6826	5378	5135	112.432167
6849	5009	5395	193.21312
6850	5102	5395	34.878076
6852	5397	5293	12.141081
6866	5397	5408	2.68335
6912	5448	5198	99.450348
6913	5449	5450	72.319603
6914	5449	5215	58.989079
6916	5452	5182	75.804306
6917	5099	5453	35.075249
6937	5453	5470	3.262632
6946	5475	5173	34.826637
6947	5475	5170	77.436546
6948	5453	5475	7.300051
6951	5450	4302	68.116135
6952	5477	5198	104.983261
6953	5477	5452	10.511659
6963	5486	5172	35.813487
6965	5487	5488	13.634375
6966	5487	5378	14.454366
6967	5489	5378	78.125031
6971	5486	5477	32.746494
6995	5395	5510	14.665641
6996	5488	5510	20.722109
7007	5510	5519	5.177479
7010	5475	4308	9.124103
7013	4309	5475	5.647879
7014	5453	4309	6.967214
7029	5536	4309	3.715204
7030	5470	5536	8.34777
7031	5536	5537	1.826152
7040	4301	5543	36.250102
7041	5449	5543	34.207825
7042	5544	5545	2.717537
7043	5545	5367	53.019934
7044	5546	5544	0.510479
7054	5556	5489	32.873249
7055	4308	5556	12.856663
7071	5487	5570	33.225437
7072	5556	5570	11.758498
7083	4308	5578	6.143957
7084	5578	5579	2.904046
7085	5543	5546	35.146648
7091	5585	5448	43.822998
7093	5537	4301	63.983442
7104	5408	5597	35.314899
7135	4309	5618	9.645859
7144	5579	5618	15.38916
7153	5618	5631	10.591488
7154	5536	5631	8.985077
7155	5597	5632	3.741339
7167	5650	5651	18.031507
7168	5651	5652	76.354454
7178	5667	5668	8.15604
7179	5668	22532	193.114258
7196	5694	22225	68.908119
7215	5726	5727	66.908432
7223	5741	5742	12.456897
7224	5741	5743	4.84268
7245	5510	5773	29.168261
7308	5773	5824	10.380599
7322	5359	5652	112.287453
7335	5545	5842	15.935237
7372	5486	5871	38.528704
7385	5824	5871	10.913258
7390	5618	5888	10.590478
7394	5871	5893	0.730314
7399	5631	5897	11.828447
7402	5897	5888	24.817772
7429	4301	5918	76.47924
7441	5928	5408	38.03425
7442	5632	5928	92.553688
7452	5936	5519	67.658844
7475	5556	5954	79.495613
7479	5956	5519	118.744675
7490	5956	5954	69.466347
7512	5984	5897	11.668957
7527	5996	5632	36.271571
7530	5999	5984	1.794116
7536	6005	5999	5.206772
7537	5893	6006	34.180169
7539	5842	5650	28.00385
7540	5650	5652	93.068787
7544	6010	5519	93.621735
7556	6018	5544	91.500443
7558	5956	6020	31.054647
7561	22532	5996	3.35974
7569	6029	5585	79.736351
7573	5954	6031	31.4454
7580	6036	6029	48.377331
7581	6006	6036	137.769501
7584	6039	5888	59.512119
7585	6039	6005	18.446449
7593	6031	6044	4.195868
7596	6020	6031	43.993053
7634	5578	6075	112.249527
7657	6075	6039	67.67543
7661	6097	6075	9.503999
7676	5928	6109	70.220314
7703	6128	5999	15.285051
7713	6134	5842	104.312973
7714	6134	5650	43.063175
7719	6138	6128	0.440972
7728	6145	6097	6.122246
7752	6161	6162	61.015423
7758	6170	5936	107.930779
7759	6145	6171	62.455036
7779	6020	6188	58.394913
7780	6044	6188	35.966404
7798	5918	6200	95.860695
7808	6210	6145	7.346182
7819	5918	6162	94.710411
7831	6162	6018	98.535004
7856	5667	5651	36.594243
7857	5667	6109	37.258335
7878	6248	5667	3.46604
7879	6249	6138	93.054253
7899	6188	6264	32.532375
7900	6171	6264	14.897843
7912	6273	22532	32.672493
7924	6281	6273	2.113592
7930	5695	6134	59.829403
7931	5651	5695	87.727272
7932	6285	6138	18.937427
7933	6286	6281	0.494325
7935	6281	6288	11.210948
7938	6036	6291	120.553246
7939	6006	6291	39.868741
7946	6299	6286	1.359686
7950	5668	6288	39.495601
7952	6128	6302	31.511527
7958	6291	6305	2.045126
7964	6302	6285	20.879322
7970	6249	6314	31.449032
7978	6320	6170	52.037518
7981	6323	6302	6.934957
7987	6329	6248	63.602158
7989	6323	6200	96.53775
7991	6305	6331	18.475773
8000	6010	6339	96.025452
8001	6320	15529	150.435669
8002	6285	6341	12.801404
8003	6210	6342	33.422395
8011	6171	6342	58.892616
8024	6358	6323	5.879189
8034	6305	6365	34.963337
8051	6365	6378	1.423374
8056	6381	6358	4.197554
8067	6387	6381	16.877207
8068	6387	6161	79.527885
8071	6342	6390	6.763491
8075	6341	6394	20.773251
8077	6329	6396	77.144608
8079	6314	6390	57.8339
8093	6390	6408	2.104125
8107	6419	6299	23.775514
8109	6421	6378	8.824502
8118	6428	6421	14.037027
8120	6341	6429	17.219663
8125	6408	6433	5.116952
8132	6433	6429	35.804955
8133	6433	6440	3.16205
8141	6421	6447	13.320944
8152	6394	6456	47.295483
8158	6339	6460	102.254372
8159	6460	6440	45.583958
8171	6456	6470	14.641724
8172	6470	6358	93.462227
8175	6473	6419	18.634887
8181	6440	6479	17.121099
8185	6482	6248	46.658037
8186	6288	6482	153.198807
8191	6486	6387	52.700964
8192	6487	6331	71.415085
8193	5727	6470	6.919513
8198	6490	6487	14.408817
8199	6491	6486	5.835026
8200	6491	6018	202.512741
8206	6496	6490	31.587805
8211	6460	5720	22.36866
8212	6499	6428	58.306236
8213	6496	6499	56.636707
8233	6514	6473	6.321605
8245	6526	6527	15.414386
8249	6532	6533	12.786228
8250	6532	6526	2.366693
8261	6548	5726	16.305319
8262	6549	6533	100.107185
8266	6554	5720	93.923904
8283	6381	6569	85.943954
8300	6582	5694	10.517201
8316	15529	6487	66.160995
8324	6597	6482	43.217438
8325	6597	6514	17.681814
8345	6447	6610	21.586779
8346	6499	6610	43.791607
8362	6582	6620	63.001221
8371	6543	6597	21.59371
8372	6569	6628	26.963234
8373	6479	6629	62.038994
8387	6527	6491	21.87735
8388	6527	6620	1.792657
8389	6610	22641	1.190517
8390	6634	6637	0.532328
8391	6533	6620	43.207741
8402	6629	6642	24.035395
8403	6429	6642	40.0109
8406	6643	6549	28.308264
8407	6543	6643	30.579666
8413	6642	6648	8.455464
8418	6648	6554	4.631213
8432	6661	6643	10.020269
8491	6569	6704	118.906662
8499	6710	6532	20.333337
8500	6710	6661	28.500101
8517	6723	6527	70.80912
8533	6648	6735	14.680613
8562	6756	6704	27.961029
8572	6762	6526	71.983047
8573	6762	6710	22.584178
8581	6769	6628	42.345921
8594	6769	6781	96.581764
8597	6548	6784	110.497444
8605	6781	6784	63.724651
8608	6792	6762	7.571065
8613	6756	6769	52.220161
8641	6784	6817	76.614365
8650	5742	6723	46.437092
8651	5742	6792	15.421477
8658	5742	6830	0.843465
8664	6830	6756	94.871056
8671	6817	6839	17.46903
8685	6735	6848	22.722256
8686	6839	6848	4.426967
8710	5743	6792	14.154961
8786	6921	6848	16.56608
8791	6925	6839	42.660905
8795	6929	5741	13.984537
8823	6951	6952	47.700803
8880	6921	6994	11.442392
8886	6999	6951	18.336516
8887	6929	6999	9.681644
8898	6925	7006	19.126358
8899	6952	7006	27.121648
8907	7011	6994	9.451728
8908	7011	6921	65.324081
9022	6994	7100	22.952866
9188	7100	7217	25.010058
29653471	22225	6396	35.362888
29653472	22225	5695	57.798588
29653874	22641	6637	4.264226
29653991	22800	5232	50.945353
29653993	22802	4695	11.584625
29653996	22806	4540	1.377853
2128
2145
2164
2172
2227
22532
2290
2316
2456
2618
2751
2788
2798
2849
2895
2914
3166
3464
3541
3544
3582
3637
3680
3793
3808
3838
3878
3910
3936
3957
3984
3985
4061
4084
4121
4205
4301
4309
4452
4519
4540
4687
4695
4717
4832
4907
4989
5009
5138
5239
5378
5486
5510
5519
5544
5556
5632
5893
5984
6097
6128
6210
6248
6286
6358
6408
6429
6597
6634
6637
6648
6710
6769
6830
6848
6952
7011
7217
4540	4121	60
4540	2172	60
4540	2618	60
4540	2895	60
4540	2128	60
4540	2316	60
4540	2290	60
4540	4061	60
4540	2751	60
4540	3957	60
4540	3544	60
4540	5009	620
4540	4687	150
4540	4717	196
4540	4989	585
4540	3541	150
4540	3464	122
4540	3166	67
4540	3936	1105
4540	2849	147
4540	4084	6
4540	4205	43
4540	4452	9
4540	5486	620
4540	6637	258
4540	6634	183
4540	5893	620
4540	5510	1389
4540	5519	858
4540	5378	247
4540	5138	173
4540	5556	24
4540	6097	5
4540	4309	7313
4540	6210	115
4540	6408	114
4540	2164	3553
4540	2145	1780
4540	2227	56
4540	2914	12
4540	3637	2
4540	2798	4
4540	3582	4
4540	4695	14
4540	3680	7
4540	3910	6
4540	4832	10
4540	4519	16
4540	4907	2
4540	6128	15
4540	4301	27
4540	6358	224
4540	5544	26
4540	6769	923
4540	5239	112
4540	5632	542
4540	6248	14
4540	22532	16
4540	6286	16
4121	2172	60
4121	2618	60
4121	2895	60
4121	2128	60
4121	2316	60
4121	2290	60
4121	4061	150
4121	2751	60
4121	3957	60
4121	3544	60
4121	5009	1744
4121	4687	330
4121	4717	1060
4121	4989	245
4121	3541	60
4121	3464	63
4121	3936	340
4121	2849	150
4121	4084	250
4121	4205	24
4121	4452	58
4121	5486	3590
4121	6637	144
4121	6634	144
4121	5893	3614
4121	5510	218
4121	5519	476
4121	5378	247
4121	5138	173
4121	5556	24
4121	6097	5
4121	4309	5242
4121	6210	115
4121	2164	3553
4121	2145	1803
4121	2227	56
4121	3808	35
4121	2788	31
4121	3637	34
4121	2798	46
4121	3878	56
4121	3582	39
4121	4695	2
4121	3910	3
4121	4832	3
4121	4519	1
4121	4907	1
4121	6128	15
4121	4301	27
4121	6358	16
4121	5544	26
4121	6769	923
4121	5239	13
4121	5632	541
4121	6248	14
4121	22532	16
4121	6286	16
2172	2618	60
2172	2895	60
2172	2128	60
2172	2316	60
2172	2290	60
2172	4061	60
2172	2751	60
2172	3957	60
2172	3544	60
2172	5009	7
2172	4687	52
2172	4717	7
2172	3541	60
2172	3464	60
2172	3936	1340
2172	2849	1340
2172	4084	493
2172	4205	83
2172	4452	56
2172	5486	7
2172	5378	24
2172	5138	65
2172	5556	77
2172	4309	152
2172	6210	29
2172	2164	3553
2172	2145	1898
2172	2227	60
2172	2914	70
2172	3808	1855
2172	2788	803
2172	3637	144
2172	2798	143
2172	3878	42
2172	4695	29
2172	4907	37
2172	5984	4
2172	6128	94
2172	4301	15
2172	6358	65
2172	5544	15
2172	6769	112
2172	6248	12
2172	6597	4
2172	6286	51
2618	2895	60
2618	2128	60
2618	2316	60
2618	2290	60
2618	4061	60
2618	2751	60
2618	3957	60
2618	3544	60
2618	5009	35
2618	4687	52
2618	4717	7
2618	3541	60
2618	3464	60
2618	3936	6034
2618	2849	1345
2618	4084	494
2618	4205	83
2618	4452	267
2618	5486	7
2618	5378	24
2618	5138	65
2618	5556	77
2618	4309	684
2618	6210	29
2618	2164	3553
2618	2145	1828
2618	2227	60
2618	3808	1675
2618	2788	787
2618	3637	144
2618	2798	725
2618	3878	42
2618	3582	395
2618	3793	97
2618	3985	94
2618	4695	29
2618	3680	4
2618	3838	4
2618	3910	4
2618	3984	3
2618	4832	2
2618	4519	56
2618	4907	2
2618	5984	4
2618	6128	14
2618	4301	15
2618	6358	15
2618	5544	67
2618	6769	61
2618	5239	2
2618	5632	539
2618	6248	12
2618	22532	526
2618	6286	12
2895	2128	60
2895	2316	550
2895	2290	60
2895	4061	60
2895	2751	60
2895	3957	60
2895	3544	60
2895	5009	61
2895	4687	114
2895	4717	7
2895	3541	60
2895	3464	60
2895	3936	31214
2895	2849	1340
2895	4084	492
2895	4205	83
2895	4452	56
2895	5486	21
2895	6637	14
2895	5378	24
2895	5138	66
2895	5556	77
2895	4309	4513
2895	6210	29
2895	2164	3553
2895	2145	17481
2895	2227	350
2895	3808	4612
2895	2788	803
2895	3637	144
2895	2798	143
2895	3878	42
2895	3582	395
2895	3793	1881
2895	3985	94
2895	4695	186
2895	3680	5
2895	3838	4
2895	3910	62
2895	3984	4
2895	4832	2
2895	4519	2
2895	4907	2
2895	5984	4
2895	6128	14
2895	4301	15
2895	6358	67
2895	5544	16
2895	6769	114
2895	5239	2
2895	5632	555
2895	6248	12
2895	22532	535
2895	6286	12
2128	2316	60
2128	2290	60
2128	4061	60
2128	2751	60
2128	3957	60
2128	3544	60
2128	5009	7
2128	4687	52
2128	4717	7
2128	3541	60
2128	3464	60
2128	3936	1340
2128	2849	1340
2128	4084	493
2128	4205	83
2128	4452	358
2128	5486	7
2128	6637	14
2128	5378	24
2128	5138	65
2128	5556	77
2128	4309	489
2128	6210	29
2128	2164	1820
2128	2145	1888
2128	2227	60
2128	2914	1983
2128	3808	1860
2128	2788	803
2128	3637	144
2128	2798	143
2128	3878	42
2128	4695	29
2128	5984	4
2128	6128	14
2128	4301	15
2128	6358	65
2128	5544	15
2128	6769	112
2128	6248	12
2316	2290	60
2316	4061	60
2316	2751	60
2316	3957	60
2316	3544	60
2316	5009	7
2316	4687	52
2316	4717	7
2316	3541	60
2316	3464	60
2316	3936	3622
2316	2849	1340
2316	4084	493
2316	4205	83
2316	4452	56
2316	5486	7
2316	5378	24
2316	5138	65
2316	5556	77
2316	4309	544
2316	6210	29
2316	2164	3553
2316	2145	1898
2316	2227	60
2316	2914	110
2316	3808	1860
2316	2788	803
2316	3637	144
2316	2798	143
2316	3878	42
2316	4695	276
2316	5984	4
2316	6128	14
2316	4301	15
2316	6358	15
2316	5544	15
2316	6769	112
2316	6248	12
2290	4061	60
2290	2751	60
2290	3957	60
2290	3544	60
2290	5009	35
2290	4687	142
2290	4717	7
2290	3541	60
2290	3464	150
2290	3166	77
2290	3936	25500
2290	2849	7027
2290	4084	493
2290	4205	279
2290	4452	56
2290	5486	7
2290	5378	23
2290	5138	65
2290	5556	77
2290	4309	1569
2290	6210	29
2290	6848	2
2290	2164	3553
2290	2145	1904
2290	2227	60
2290	2914	551
2290	3808	164
2290	2788	31
2290	3637	6
2290	2798	1
2290	3878	3
2290	4695	29
2290	3910	68
2290	5984	4
2290	6128	14
2290	4301	15
2290	6358	65
2290	5544	15
2290	6769	113
2290	6248	31
4061	2751	60
4061	3957	60
4061	3544	150
4061	5009	5794
4061	4687	60
4061	4717	1032
4061	4989	1147
4061	3541	60
4061	3464	63
4061	3936	2120
4061	2849	350
4061	4084	60
4061	4205	253
4061	4452	11
4061	5486	1492
4061	6637	766
4061	6634	144
4061	5893	14812
4061	5510	1796
4061	5519	939
4061	5378	247
4061	5138	244
4061	5556	123
4061	6097	5
4061	4309	13613
4061	6210	115
4061	6429	11
4061	2164	3553
4061	2145	1812
4061	2227	60
4061	3808	36
4061	2788	31
4061	3637	34
4061	2798	47
4061	3878	56
4061	3582	40
4061	4695	27
4061	4832	3
4061	4519	23
4061	4907	2
4061	6128	15
4061	4301	87
4061	6358	16
4061	5544	26
4061	6769	923
4061	6710	24
4061	5239	149
4061	5632	540
4061	6248	14
4061	22532	16
4061	6286	16
2751	3957	60
2751	3544	60
2751	5009	7
2751	4687	168
2751	4717	7
2751	3541	60
2751	3464	60
2751	3936	60
2751	2849	60
2751	4084	40420
2751	4205	42162
2751	4452	29
2751	5486	7
2751	5378	55
2751	5138	24488
2751	5556	6320
2751	2164	3553
2751	2145	1807
2751	2227	60
2751	3808	45
2751	2788	39
2751	3637	44
2751	2798	59
2751	3878	624
2751	3582	51
2751	4695	19
2751	6128	50
2751	4301	279
2751	6358	63
2751	5544	20
3957	3544	60
3957	5009	6438
3957	4687	60
3957	4717	1716
3957	4989	3386
3957	3541	60
3957	3464	63
3957	3936	1050
3957	2849	60
3957	4084	60
3957	4205	137986
3957	4452	49410
3957	5486	2136
3957	6637	901
3957	6634	144
3957	5893	2154
3957	5510	473
3957	5519	292
3957	5378	244
3957	5138	20590
3957	5556	6166
3957	4309	114
3957	2164	3553
3957	2145	1820
3957	2227	60
3957	3808	37
3957	2788	32
3957	3637	35
3957	2798	49
3957	3878	62
3957	3582	42
3957	4695	966
3957	3910	5
3957	4519	2
3957	6128	46
3957	4301	239
3957	6358	59
3957	5544	19
3544	5009	689
3544	4687	1222
3544	4717	248
3544	3541	60
3544	3464	353
3544	3936	3640
3544	2849	60
3544	4084	308960
3544	4205	46912
3544	4452	1571
3544	5486	93
3544	6637	179
3544	6634	28
3544	5378	55
3544	5138	24382
3544	5556	6335
3544	4309	1598
3544	2164	3553
3544	2145	1804
3544	2227	60
3544	3808	738
3544	2788	77
3544	3637	123
3544	2798	138
3544	3878	25112
3544	3582	149
3544	3793	18366
3544	4695	1083
3544	3680	4
3544	3838	10
3544	3910	51
3544	6128	47
3544	4301	276
3544	6358	59
3544	5544	20
3544	5239	8
5009	4687	238
5009	4717	330
5009	4989	2165
5009	3541	30
5009	3464	63
5009	3166	25
5009	3936	3604
5009	2849	116
5009	4084	4
5009	4205	236
5009	4452	62
5009	5486	60
5009	6637	2706
5009	6634	221
5009	5893	150
5009	5510	1149
5009	5519	2744
5009	5378	270
5009	5138	2806
5009	5556	23
5009	6097	5
5009	4309	28952
5009	6210	115
5009	6429	21
5009	2164	40
5009	2227	38
5009	2456	5
5009	2914	35
5009	3808	43
5009	2788	28
5009	2798	4
5009	3878	15
5009	3582	2
5009	4695	36
5009	3910	8
5009	4832	5
5009	4519	1
5009	4907	1
5009	5984	6
5009	6128	204
5009	4301	31
5009	6358	279
5009	5544	26
5009	6769	823
5009	5239	237
5009	5632	541
5009	6248	14
5009	22532	16
5009	6286	113
4687	4717	31998
4687	4989	24345
4687	3541	257
4687	3464	1562
4687	3166	67
4687	3936	7983
4687	2849	219
4687	4205	718
4687	4452	96
4687	5486	196
4687	6637	1357
4687	6634	144
4687	5893	1418
4687	5510	4257
4687	5519	6144
4687	5378	402
4687	5138	4094
4687	5556	123
4687	6097	37
4687	4309	30426
4687	6210	115
4687	6429	171
4687	6848	99
4687	2164	1730
4687	2145	852
4687	2227	237
4687	2914	35
4687	2788	7
4687	2798	4
4687	3878	5
4687	3582	4
4687	4695	13
4687	3910	20
4687	4832	3
4687	4519	1
4687	4907	2
4687	6128	534
4687	4301	94
4687	6358	588
4687	5544	100
4687	6769	923
4687	5239	150
4687	5632	547
4687	6248	14
4687	22532	16
4687	6286	16
4717	4989	7920
4717	3541	13
4717	3464	47
4717	3166	2
4717	3936	1459
4717	2849	116
4717	4084	4
4717	4205	341
4717	4452	18
4717	5486	60
4717	6637	913
4717	6634	144
4717	5893	150
4717	5510	2060
4717	5519	1948
4717	5378	254
4717	5138	607
4717	5556	141
4717	6097	5
4717	4309	7452
4717	6210	115
4717	2164	40
4717	2227	29
4717	2798	4
4717	3582	2
4717	4695	34
4717	4832	3
4717	4519	16
4717	4907	1
4717	6128	14
4717	4301	27
4717	6358	15
4717	5544	95
4717	6769	911
4717	5239	80
4717	5632	541
4717	6248	14
4717	22532	16
4717	6286	16
4989	3541	7
4989	3464	4
4989	3936	40
4989	2849	5
4989	4205	36307
4989	4452	163
4989	5486	442
4989	6637	699
4989	6634	289
4989	5893	49230
4989	5510	54736
4989	5519	54736
4989	5378	52116
4989	5138	1606
4989	5556	39
4989	4309	55
4989	6210	427
4989	2145	28
4989	2227	29
4989	3637	2
4989	2798	6
4989	3582	5
4989	4695	225
4989	3910	5
4989	4832	16
4989	4519	23
4989	4907	6
4989	5984	1
4989	6128	407
4989	4301	36
4989	6358	7
4989	5544	40
4989	6769	2015
4989	6710	15
4989	5239	8
4989	5632	611
4989	6248	13
4989	22532	15
4989	6286	56
3541	3936	440
3541	2849	60
3541	4084	40420
3541	4205	384
3541	4452	181
3541	5486	13
3541	6637	53
3541	6634	6
3541	5893	772
3541	5510	135
3541	5519	135
3541	5378	183
3541	5138	894
3541	5556	62
3541	4309	868
3541	2164	106
3541	2145	3
3541	2227	13
3541	3808	78
3541	2788	39
3541	3637	89
3541	2798	59
3541	3878	624
3541	3582	51
3541	3793	6122
3541	4695	197
3541	5984	2
3541	6128	2
3541	4301	7
3541	6358	2
3541	5544	8
3541	6248	6
3541	6286	6
3464	3936	80666
3464	2849	1144
3464	4084	11966
3464	4205	66
3464	4452	1969
3464	5486	63
3464	6637	26
3464	6634	26
3464	5893	85
3464	5510	8
3464	5519	8
3464	5378	30
3464	5138	660
3464	5556	72
3464	4309	4581
3464	6210	31
3464	2164	158
3464	2145	8
3464	2227	1928
3464	2456	44
3464	3808	26717
3464	2788	1281
3464	3637	726
3464	2798	1209
3464	3878	56
3464	3582	94
3464	3793	1024
3464	3985	282
3464	4695	2305
3464	3680	5
3464	3838	9
3464	3910	316
3464	3984	98
3464	4832	2
3464	4519	11
3464	4907	2
3464	5984	4
3464	6128	14
3464	4301	15
3464	6358	15
3464	5544	16
3464	6769	113
3464	6710	22
3464	5239	74
3464	5632	568
3464	6248	12
3464	22532	524
3464	6286	12
3166	3936	4713
3166	2849	326
3166	4084	196
3166	4205	41
3166	4452	220
3166	5486	25
3166	6637	20
3166	6634	20
3166	5893	45
3166	5510	6
3166	5519	6
3166	5378	26
3166	5138	37
3166	5556	52
3166	4309	1146
3166	6210	18
3166	2164	250
3166	2145	36
3166	2227	77
3166	2456	102
3166	2914	3660
3166	3808	54204
3166	2788	60
3166	3637	21320
3166	2798	3180
3166	3582	8452
3166	3793	8424
3166	3985	7938
3166	4695	23
3166	5984	4
3166	6128	13
3166	4301	14
3166	6358	13
3166	5544	14
3166	6769	102
3166	6248	11
3936	2849	8100
3936	4084	66700
3936	4205	42672
3936	4452	60459
3936	5486	327
3936	6637	598
3936	6634	147
3936	5893	2559
3936	5510	1346
3936	5519	2692
3936	5378	1899
3936	5138	65620
3936	5556	2233
3936	4309	75204
3936	6210	2038
3936	6648	19
3936	6429	158
3936	6848	263
3936	7217	2317
3936	2164	5256
3936	2145	1653
3936	2227	21327
3936	2456	1380
3936	2914	484
3936	3808	42409
3936	2788	9983
3936	3637	6587
3936	2798	21166
3936	3878	17226
3936	3582	913
3936	4695	16190
3936	3680	9
3936	3838	12
3936	3910	717
3936	3984	3
3936	4832	1
3936	4519	6
3936	5984	7
3936	6128	632
3936	4301	1128
3936	6358	2016
3936	5544	134
3936	6769	1204
3936	6830	37
3936	6710	171
3936	5239	18
3936	6248	62
3936	6597	65
3936	22532	693
3936	6286	228
2849	4084	60
2849	4205	334
2849	4452	493
2849	5486	66
2849	6637	76
2849	5893	767
2849	5510	117
2849	5519	117
2849	5378	2
2849	5138	796
2849	5556	1460
2849	4309	59
2849	2164	371
2849	2145	12
2849	2227	421
2849	2456	12
2849	2914	701
2849	3808	1287
2849	2788	32
2849	3637	35
2849	2798	49
2849	3878	60
2849	3582	42
2849	4695	103
2849	3910	5
2849	3984	2
2849	6128	45
2849	4301	54
2849	6358	57
2849	5544	8
4084	5486	4
4084	6637	27
4084	6634	8
4084	5893	28
4084	5510	2
4084	5519	2
4084	5378	2
4084	4309	13
4084	2164	123
4084	2145	137
4084	2227	57
4084	2456	65
4084	2914	71
4084	3808	111652
4084	2788	12220
4084	3637	18010
4084	2798	23073
4084	3878	490351
4084	3582	7935
4084	3793	166829
4084	3680	2750
4084	3838	2722
4084	3910	6777
4084	3984	667
4084	5632	23
4084	22532	24
4205	4452	143524
4205	5486	7
4205	6637	118
4205	6634	9
4205	5893	3777
4205	5510	3654
4205	5519	14203
4205	5138	24404
4205	5556	3552
4205	2164	16
4205	2145	97
4205	2227	8
4205	2456	6
4205	2914	17
4205	3808	196
4205	2788	37
4205	3637	40
4205	2798	147
4205	3878	32
4205	3582	45
4205	3793	1358
4205	3985	910
4205	4695	7034
4205	3838	3
4205	3910	5
4205	4832	89
4205	4519	141
4205	4907	141
4205	6128	37
4205	4301	142
4205	6358	49
4205	5544	5
4205	5239	135
4205	5632	3407
4452	5486	9
4452	6637	67
4452	6634	67
4452	5893	48
4452	5510	42
4452	5519	42
4452	5378	56
4452	5138	99402
4452	5556	329
4452	4309	4743
4452	2164	29
4452	2145	490
4452	2227	21
4452	2456	591
4452	2914	254
4452	3808	113
4452	2788	103
4452	3637	99
4452	2798	154
4452	3878	308
4452	3582	100
4452	3793	174
4452	4695	2162
4452	3680	84
4452	3838	130
4452	3910	232
4452	3984	74
4452	4832	117
4452	4519	180
4452	4907	124
4452	4301	66
4452	6358	39
4452	6769	2627
4452	6830	8
4452	5239	120
4452	5632	2767
4452	22532	2845
5486	6637	2316
5486	6634	144
5486	5893	840
5486	5510	6514
5486	5519	9204
5486	5378	7758
5486	5138	1273
5486	5556	30
5486	4309	48
5486	2164	40
5486	2227	38
5486	2456	11
5486	2914	15
5486	2798	4
5486	3582	2
5486	4695	23
5486	4519	1
5486	4301	1
5486	6358	2
5486	5544	2
6637	6634	60
6637	5893	19893
6637	5510	3612
6637	5519	9877
6637	5378	1089
6637	5138	689
6637	5556	435
6637	4309	23111
6637	6848	41
6637	2164	8
6637	2227	33
6637	2456	8
6637	2914	264
6637	3808	93
6637	2788	10
6637	3637	11
6637	2798	15
6637	3878	40
6637	3582	12
6637	3793	17
6637	3985	414
6637	4695	9535
6637	3680	45
6637	3838	37
6637	3910	1116
6637	3984	37
6637	4832	4
6637	4519	607
6637	4907	64
6637	5984	3
6637	6128	327
6637	4301	7
6637	6358	178
6637	5544	64
6637	6769	1677
6637	6830	24
6637	6710	28
6637	5239	106
6637	6248	4
6637	22532	4
6637	6286	38
6634	5893	2590
6634	5510	168
6634	5519	420
6634	5378	174
6634	5138	223
6634	5556	32
6634	4309	1205
6634	2164	8
6634	2227	10
6634	2456	8
6634	2914	14
6634	3808	10
6634	2788	10
6634	3637	11
6634	2798	15
6634	3582	12
6634	3985	70
6634	4695	622
6634	3680	45
6634	3838	37
6634	3910	45
6634	3984	37
6634	4832	4
6634	4519	171
6634	6128	21
6634	4301	7
6634	6358	22
6634	5544	7
6634	6769	1677
6634	6248	4
6634	22532	4
6634	6286	5
5893	5510	11062
5893	5519	19564
5893	5378	7990
5893	5138	222
5893	5556	32
5893	4309	325
5893	2164	22
5893	2227	24
5893	2914	6
5893	3808	7
5893	2788	7
5893	3637	8
5893	2798	11
5893	3878	36
5893	3582	9
5893	3793	6
5893	3985	63
5893	4695	3518
5893	3680	41
5893	3838	34
5893	3910	415
5893	3984	33
5893	4519	15
5893	4301	6
5893	6358	2
5893	5544	2
5893	6710	9
5893	5239	41
5510	5519	60
5510	5378	6814
5510	5138	32
5510	5556	27
5510	4309	22
5510	2914	3
5510	3808	6
5510	2788	7
5510	3637	7
5510	2798	10
5510	3878	58
5510	3582	8
5510	3793	82
5510	3985	55
5510	4695	3363
5510	3680	38
5510	3838	31
5510	3910	615
5510	3984	30
5510	4519	15
5510	4301	1
5510	6358	2
5510	5544	2
5510	6710	8
5510	5239	63
5519	5378	6814
5519	5138	32
5519	5556	27
5519	6097	197
5519	4309	66
5519	2914	3
5519	3808	70
5519	2788	7
5519	3637	70
5519	2798	10
5519	3878	58
5519	3582	8
5519	3793	8
5519	3985	293
5519	4695	4254
5519	3680	38
5519	3838	31
5519	3910	760
5519	3984	158
5519	4519	236
5519	6128	173
5519	4301	1
5519	6358	156
5519	5544	2
5519	6710	16
5519	5239	8
5519	6248	2
5519	6286	2
5378	5138	283530
5378	5556	234
5378	4309	3
5378	2914	23
5378	3808	533
5378	2788	505
5378	3637	488
5378	2798	294
5378	3878	132
5378	3582	523
5378	3793	68
5378	3985	67
5378	4695	318
5378	3680	44
5378	3838	37
5378	3910	45
5378	3984	33
5378	4519	16
5378	6128	130
5378	4301	2
5378	6358	2
5378	5544	2
5138	5556	14667
5138	6210	31224
5138	6429	2
5138	2164	5
5138	2145	11
5138	2227	30
5138	2456	30
5138	2914	156
5138	3808	44
5138	2788	39
5138	3637	42
5138	2798	53
5138	3878	482
5138	3582	45
5138	3793	2132
5138	3985	214
5138	4695	9206
5138	4519	4423
5138	4907	995
5138	6128	51
5138	6358	1093
5138	5239	1
5556	6097	333046
5556	6210	12324
5556	6429	5
5556	2164	21
5556	2145	19
5556	2227	18
5556	2456	14
5556	2914	129
5556	3808	162
5556	2788	158
5556	3637	159
5556	2798	165
5556	3878	20
5556	3582	160
5556	3793	152
5556	3985	585
5556	4695	9736
5556	3680	52
5556	3838	16
5556	3910	54
5556	3984	16
5556	4519	894
5556	4907	51
5556	6358	3
6097	4309	1269
6097	6210	60
6097	6408	60
6097	6429	60
6097	3808	5
6097	2788	5
6097	3637	5
6097	2798	5
6097	3582	5
6097	4519	1
6097	6128	4256
6097	6358	321
6097	6952	284
4309	6408	4
4309	6429	17316
4309	6848	638
4309	2164	291
4309	2145	6703
4309	2227	1479
4309	2456	1230
4309	2914	10474
4309	3808	6233
4309	2788	1962
4309	3637	1021
4309	2798	4833
4309	3878	253
4309	3582	540
4309	3793	2559
4309	3985	611
4309	4695	7936
4309	3680	44
4309	3838	107
4309	3910	4548
4309	3984	37
4309	4519	3849
4309	4907	3863
4309	6128	7390
4309	4301	1529
4309	6358	10176
4309	5544	1013
4309	6830	110
4309	6710	166
4309	5239	4940
6210	6408	60
6210	6429	60
6210	3808	105
6210	2788	100
6210	3637	100
6210	2798	107
6210	3582	97
6210	6358	338
6210	6952	284
6408	6429	150
6408	2145	629
6408	3808	4
6408	2788	4
6408	3637	4
6408	2798	30
6408	3582	4
6408	4519	2
6408	6358	338
6408	6952	284
6648	6848	22453
6648	3808	4
6648	2788	4
6648	3637	4
6648	2798	21
6648	3582	12
6648	6952	10199
6648	6830	419
6429	6848	7135
6429	2145	2
6429	3808	4
6429	2788	4
6429	3637	4
6429	2798	30
6429	3582	4
6429	4519	2
6429	4907	3
6429	6358	338
6429	6952	2842
6429	5239	377
6848	7011	82478
6848	2914	2
6848	3808	2
6848	2798	25
6848	4832	2
6848	4519	4
6848	6358	6083
6848	6769	81708
6848	6952	19250
6848	6830	3715
6848	6710	1275
7011	4519	2
2164	2227	7778
2164	2456	231
2164	2914	621
2164	3808	332
2164	2788	150
2164	3637	4
2164	2798	10
2164	3878	10
2164	3582	4
2164	3793	9
2164	3985	6
2164	4695	14
2164	5984	4
2164	4301	8
2164	5544	8
2164	6248	6
2145	2227	6210
2145	2456	1523
2145	2914	2945
2145	3808	22
2145	2788	26
2145	3637	29
2145	2798	36
2145	3878	154
2145	3582	32
2145	3793	34
2145	3985	147
2145	4695	680
2145	3910	156
2145	4519	24
2145	5984	2
2145	4301	48
2145	5544	9
2145	6830	20
2145	6710	20
2145	6248	17
2227	2914	3876
2227	3808	50
2227	2788	31
2227	3637	15
2227	2798	3
2227	3878	3
2227	3793	30
2227	4695	344
2227	3910	240
2227	5984	2
2227	4301	6
2227	6358	47
2227	5544	38
2227	6830	16
2227	6248	17
2456	2914	2123
2456	3808	18
2456	2788	9
2456	3637	12
2456	2798	161
2456	3878	28
2456	3582	1
2456	3793	14
2456	3985	4
2456	4695	51
2456	3910	24
2456	4519	5
2456	5984	2
2456	4301	6
2456	5544	6
2456	5239	20
2456	6248	18
2914	3808	54098
2914	2788	17478
2914	3637	14738
2914	2798	60654
2914	3878	116794
2914	3582	60
2914	3793	818
2914	3985	60
2914	4695	678
2914	3838	30
2914	3910	2550
2914	4519	33
2914	5984	20
2914	6128	13
2914	4301	146
2914	6358	13
2914	5544	21
2914	6769	1018
2914	6830	4
2914	6710	20
2914	5239	7
2914	6248	56
2914	6286	2150
3808	2788	43838
3808	3637	9200
3808	2798	15540
3808	3582	4326
3808	4695	72
3808	3838	2
3808	3910	16
3808	4519	2
3808	5984	14
3808	6128	372
3808	4301	50
3808	6358	394
3808	5544	46
3808	6769	990
3808	6830	4
3808	6710	4
3808	5239	2
3808	6248	35
3808	6597	4
2788	3637	4288
2788	2798	12762
2788	3582	2336
2788	4695	69
2788	3910	5
2788	5984	14
2788	6128	358
2788	4301	50
2788	6358	379
2788	5544	44
2788	6769	207
2788	6830	4
2788	6710	4
2788	6248	34
2788	6597	4
2788	6286	3692
3637	2798	14878
3637	3878	14860
3637	3582	3632
3637	3793	15086
3637	3985	5096
3637	4695	562
3637	3680	5
3637	3910	148
3637	3984	2
3637	5984	14
3637	6128	357
3637	4301	50
3637	6358	378
3637	5544	44
3637	6769	212
3637	6830	4
3637	6710	4
3637	6248	35
2798	3878	14202
2798	3582	61600
2798	3793	5220
2798	3985	4846
2798	4695	108
2798	3838	5
2798	3910	48
2798	5984	14
2798	6128	365
2798	4301	54
2798	6358	386
2798	5544	48
2798	6769	239
2798	6830	4
2798	6710	4
2798	5239	3
2798	6248	40
3878	3582	116900
3878	3793	20280
3878	3985	2118
3878	4695	686
3878	3838	3
3878	3910	2982
3878	4519	7
3878	5544	4
3878	6710	3
3878	6248	14
3878	6286	6316
3582	3793	60
3582	3985	60
3582	4695	73
3582	3910	1130
3582	5984	14
3582	6128	330
3582	4301	49
3582	6358	350
3582	5544	44
3582	6769	200
3582	6830	4
3582	6710	4
3582	6248	17
3793	3985	60
3793	4695	8641
3793	3680	21
3793	3838	34
3793	3910	28181
3793	3984	5
3793	4519	19
3793	6128	14
3793	4301	45
3793	6358	14
3793	5544	2
3793	6830	10
3793	5239	3
3793	6248	3805
3793	6286	15493
3985	4695	31
3985	3838	5
3985	3910	7319
3985	6128	13
3985	4301	8
3985	6358	38
3985	5544	47
3985	6710	20
3985	6248	19
3985	6286	15447
4695	3680	2
4695	3910	77
4695	4832	67
4695	4519	88
4695	4907	73
4695	6128	2
4695	4301	45
4695	6358	48
4695	5544	22
4695	5239	4366
4695	5632	2753
4695	6248	12
4695	22532	6473
4695	6286	4
3680	3838	54
3680	3984	54
3680	4832	54
3680	4519	54
3680	4907	54
3680	6128	6
3680	4301	12
3680	6358	6
3680	5544	439
3680	5239	3236
3838	3984	60
3838	4832	60
3838	4519	450
3838	4907	60
3838	4301	10
3838	5544	425
3838	5239	2694
3910	6128	18
3910	4301	29
3910	6358	85
3910	5544	606
3984	4832	60
3984	4519	60
3984	4907	60
3984	4301	6405
3984	5544	389
3984	5239	2206
4832	4519	440
4832	4907	60
4832	5544	58640
4832	6769	31
4832	5239	3146
4519	4907	150
4519	6128	14
4519	4301	6416
4519	6358	15
4519	5544	382
4519	5239	11004
4907	6128	12
4907	4301	13489
4907	6358	13
4907	5544	770
4907	5239	2054
5984	6128	19088
5984	6358	7337
6128	6358	98032
6128	5239	23
6128	5632	486
4301	5544	8962
4301	5239	3180
6358	6769	134321
6358	5239	200
5544	5239	18648
6769	6952	13
6769	6830	247
6769	6710	56
6769	6248	20
6769	6597	56
6952	6830	2940
6952	6710	3154
6952	6248	2770
6952	6597	3346
6830	6710	430
6830	6248	28
6830	6597	1210
6710	6248	22
6710	6597	150
5239	6248	30208
6248	6597	160
6248	22532	72110
6248	6286	195454
22532	6286	33868
